FID	ETHNIC_GROUP
1	0
2	0
3	2
4	2
5	0
6	2
7	1
8	3
9	1
10	2
11	0
12	2
13	2
14	3
15	0
16	1
17	0
18	1
19	2
20	2
21	0
22	1
23	0
24	3
25	3
26	1
27	2
28	2
29	0
30	2
31	3
32	0
33	1
34	0
35	3
36	0
37	3
38	1
39	3
40	1
41	0
42	0
43	1
44	0
45	1
46	2
47	0
48	0
49	2
50	0
51	3
52	2
53	2
54	0
55	1
56	2
57	0
58	0
59	2
60	0
61	1
62	0
63	2
64	1
65	3
66	1
67	3
68	2
69	0
70	0
71	1
72	0
73	0
74	2
75	2
76	3
77	2
78	1
79	1
80	0
81	3
82	2
83	3
84	3
85	3
86	3
87	0
88	2
89	3
90	0
91	3
92	0
93	3
94	2
95	3
96	2
97	3
98	1
99	3
100	2
101	2
102	0
103	1
104	3
105	0
106	2
107	3
108	2
109	2
110	0
111	2
112	2
113	0
114	1
115	0
116	2
117	0
118	3
119	0
120	3
121	0
122	1
123	2
124	3
125	0
126	3
127	1
128	3
129	1
130	1
131	2
132	1
133	1
134	1
135	0
136	0
137	0
138	1
139	3
140	2
141	2
142	0
143	2
144	2
145	2
146	2
147	3
148	1
149	1
150	1
151	3
152	3
153	3
154	1
155	0
156	0
157	1
158	3
159	2
160	0
161	0
162	3
163	1
164	1
165	3
166	2
167	1
168	1
169	3
170	1
171	2
172	3
173	1
174	0
175	0
176	0
177	0
178	3
179	1
180	1
181	0
182	0
183	2
184	3
185	3
186	3
187	2
188	1
189	3
190	0
191	1
192	0
193	1
194	2
195	3
196	0
197	0
198	1
199	2
200	1
201	2
202	1
203	1
204	2
205	2
206	3
207	0
208	1
209	2
210	0
211	0
212	2
213	3
214	1
215	1
216	0
217	0
218	2
219	3
220	0
221	1
222	3
223	2
224	0
225	1
226	3
227	2
228	0
229	1
230	3
231	1
232	1
233	3
234	0
235	1
236	2
237	2
238	1
239	1
240	0
241	0
242	0
243	1
244	2
245	2
246	2
247	2
248	1
249	1
250	0
251	0
252	3
253	2
254	1
255	3
256	3
257	1
258	0
259	3
260	1
261	3
262	1
263	0
264	1
265	0
266	1
267	2
268	3
269	3
270	1
271	2
272	1
273	0
274	2
275	2
276	3
277	2
278	2
279	2
280	0
281	1
282	2
283	2
284	0
285	3
286	3
287	2
288	3
289	0
290	2
291	3
292	3
293	3
294	1
295	0
296	2
297	3
298	3
299	2
300	0
301	3
302	3
303	3
304	2
305	1
306	2
307	0
308	2
309	0
310	2
311	0
312	1
313	3
314	3
315	0
316	3
317	3
318	0
319	0
320	3
321	1
322	2
323	2
324	1
325	2
326	1
327	3
328	1
329	3
330	1
331	1
332	3
333	3
334	0
335	3
336	0
337	2
338	1
339	0
340	3
341	3
342	0
343	3
344	2
345	2
346	0
347	3
348	3
349	0
350	1
351	1
352	0
353	0
354	2
355	3
356	1
357	2
358	2
359	3
360	0
361	3
362	0
363	3
364	2
365	3
366	1
367	1
368	0
369	2
370	1
371	3
372	0
373	0
374	2
375	0
376	3
377	3
378	3
379	3
380	3
381	3
382	1
383	3
384	2
385	1
386	0
387	0
388	0
389	2
390	0
391	2
392	2
393	1
394	1
395	2
396	3
397	1
398	3
399	3
400	3
401	0
402	0
403	1
404	0
405	2
406	1
407	3
408	3
409	3
410	1
411	0
412	3
413	2
414	1
415	0
416	3
417	0
418	1
419	3
420	2
421	1
422	2
423	0
424	1
425	3
426	0
427	1
428	2
429	1
430	3
431	3
432	3
433	3
434	1
435	0
436	1
437	0
438	2
439	1
440	2
441	0
442	1
443	2
444	1
445	2
446	2
447	0
448	3
449	3
450	0
451	1
452	3
453	0
454	3
455	2
456	1
457	2
458	0
459	1
460	1
461	2
462	2
463	3
464	2
465	1
466	2
467	1
468	3
469	3
470	1
471	1
472	1
473	0
474	0
475	2
476	3
477	0
478	0
479	0
480	1
481	2
482	2
483	2
484	3
485	0
486	2
487	1
488	3
489	1
490	0
491	1
492	2
493	1
494	2
495	0
496	3
497	3
498	0
499	1
500	1
501	1
502	1
503	2
504	3
505	1
506	1
507	0
508	1
509	3
510	2
511	3
512	3
513	2
514	2
515	3
516	2
517	2
518	3
519	0
520	2
521	3
522	3
523	2
524	3
525	2
526	0
527	1
528	3
529	0
530	2
531	0
532	1
533	0
534	0
535	2
536	3
537	2
538	3
539	2
540	0
541	3
542	0
543	2
544	1
545	1
546	2
547	3
548	3
549	1
550	2
551	2
552	1
553	3
554	3
555	3
556	1
557	3
558	2
559	0
560	2
561	0
562	1
563	1
564	2
565	1
566	3
567	0
568	3
569	0
570	2
571	0
572	3
573	2
574	2
575	0
576	3
577	3
578	3
579	1
580	2
581	0
582	0
583	1
584	3
585	1
586	3
587	0
588	1
589	3
590	1
591	0
592	1
593	1
594	3
595	1
596	2
597	2
598	3
599	2
600	3
601	0
602	1
603	1
604	3
605	0
606	1
607	0
608	3
609	0
610	3
611	3
612	2
613	0
614	1
615	3
616	2
617	2
618	2
619	0
620	1
621	3
622	0
623	1
624	0
625	0
626	2
627	1
628	2
629	3
630	0
631	1
632	0
633	1
634	0
635	0
636	3
637	0
638	1
639	0
640	0
641	1
642	3
643	0
644	2
645	1
646	1
647	1
648	2
649	2
650	1
651	3
652	3
653	0
654	2
655	1
656	2
657	0
658	3
659	2
660	2
661	0
662	0
663	3
664	2
665	1
666	1
667	0
668	1
669	0
670	0
671	1
672	1
673	0
674	2
675	3
676	3
677	0
678	1
679	0
680	1
681	1
682	3
683	0
684	0
685	3
686	3
687	1
688	0
689	1
690	2
691	3
692	3
693	0
694	3
695	1
696	1
697	3
698	0
699	2
700	0
701	1
702	0
703	3
704	1
705	1
706	1
707	1
708	0
709	2
710	0
711	3
712	0
713	3
714	1
715	0
716	3
717	3
718	1
719	3
720	0
721	2
722	3
723	0
724	2
725	2
726	1
727	1
728	2
729	0
730	2
731	2
732	0
733	0
734	2
735	2
736	0
737	1
738	3
739	1
740	1
741	1
742	2
743	3
744	0
745	1
746	1
747	1
748	0
749	3
750	0
751	2
752	2
753	0
754	2
755	2
756	2
757	3
758	2
759	3
760	0
761	3
762	3
763	3
764	3
765	2
766	2
767	0
768	1
769	1
770	1
771	0
772	1
773	3
774	1
775	3
776	3
777	3
778	0
779	2
780	1
781	2
782	1
783	3
784	1
785	2
786	1
787	1
788	2
789	0
790	0
791	1
792	0
793	0
794	3
795	2
796	2
797	2
798	1
799	1
800	2
801	2
802	1
803	0
804	3
805	3
806	2
807	1
808	0
809	2
810	0
811	0
812	2
813	1
814	2
815	1
816	2
817	2
818	2
819	2
820	3
821	0
822	2
823	1
824	3
825	0
826	3
827	1
828	1
829	0
830	1
831	1
832	3
833	1
834	1
835	2
836	3
837	3
838	3
839	2
840	2
841	3
842	1
843	1
844	0
845	0
846	2
847	0
848	2
849	3
850	1
851	0
852	2
853	3
854	3
855	3
856	2
857	2
858	2
859	3
860	3
861	3
862	1
863	0
864	2
865	3
866	2
867	0
868	2
869	0
870	2
871	3
872	0
873	0
874	3
875	3
876	2
877	3
878	0
879	0
880	0
881	0
882	3
883	1
884	2
885	1
886	1
887	1
888	0
889	1
890	2
891	1
892	0
893	2
894	1
895	2
896	0
897	3
898	2
899	2
900	2
901	0
902	1
903	1
904	3
905	2
906	0
907	3
908	2
909	3
910	1
911	0
912	2
913	2
914	3
915	0
916	3
917	2
918	0
919	0
920	0
921	1
922	0
923	0
924	2
925	1
926	1
927	2
928	2
929	1
930	2
931	1
932	3
933	1
934	3
935	0
936	0
937	3
938	3
939	1
940	2
941	3
942	3
943	1
944	0
945	2
946	3
947	1
948	1
949	2
950	2
951	1
952	3
953	1
954	1
955	3
956	0
957	1
958	3
959	0
960	0
961	1
962	3
963	0
964	0
965	1
966	0
967	2
968	3
969	0
970	3
971	2
972	0
973	0
974	0
975	2
976	0
977	0
978	3
979	1
980	1
981	0
982	3
983	2
984	1
985	3
986	0
987	3
988	2
989	0
990	2
991	2
992	3
993	2
994	3
995	2
996	3
997	3
998	0
999	2
1000	0
1001	0
1002	2
1003	0
1004	0
1005	3
1006	0
1007	1
1008	0
1009	1
1010	1
1011	3
1012	2
1013	1
1014	0
1015	2
1016	1
1017	1
1018	2
1019	2
1020	3
1021	0
1022	3
1023	2
1024	2
1025	2
1026	2
1027	2
1028	0
1029	1
1030	3
1031	3
1032	1
1033	1
1034	3
1035	3
1036	2
1037	1
1038	3
1039	0
1040	0
1041	2
1042	3
1043	2
1044	3
1045	0
1046	3
1047	0
1048	3
1049	1
1050	1
1051	3
1052	1
1053	0
1054	1
1055	1
1056	0
1057	1
1058	0
1059	3
1060	1
1061	0
1062	1
1063	0
1064	0
1065	2
1066	1
1067	0
1068	3
1069	2
1070	3
1071	0
1072	3
1073	2
1074	3
1075	3
1076	2
1077	2
1078	2
1079	3
1080	2
1081	0
1082	0
1083	1
1084	2
1085	1
1086	1
1087	0
1088	1
1089	2
1090	2
1091	1
1092	0
1093	0
1094	3
1095	0
1096	2
1097	2
1098	1
1099	1
1100	3
1101	3
1102	0
1103	2
1104	0
1105	0
1106	0
1107	2
1108	0
1109	0
1110	1
1111	1
1112	2
1113	3
1114	2
1115	2
1116	2
1117	3
1118	1
1119	3
1120	3
1121	3
1122	2
1123	3
1124	2
1125	3
1126	3
1127	1
1128	3
1129	2
1130	0
1131	0
1132	3
1133	1
1134	1
1135	3
1136	2
1137	1
1138	0
1139	2
1140	1
1141	0
1142	1
1143	2
1144	3
1145	0
1146	2
1147	3
1148	1
1149	2
1150	3
1151	1
1152	1
1153	3
1154	3
1155	3
1156	0
1157	0
1158	1
1159	0
1160	1
1161	0
1162	2
1163	0
1164	0
1165	3
1166	3
1167	3
1168	0
1169	2
1170	2
1171	2
1172	1
1173	0
1174	2
1175	0
1176	0
1177	3
1178	0
1179	0
1180	1
1181	0
1182	2
1183	3
1184	1
1185	3
1186	1
1187	3
1188	3
1189	1
1190	0
1191	1
1192	0
1193	0
1194	0
1195	1
1196	3
1197	3
1198	1
1199	0
1200	0
1201	0
1202	0
1203	0
1204	0
1205	1
1206	3
1207	2
1208	2
1209	1
1210	1
1211	3
1212	0
1213	3
1214	1
1215	3
1216	3
1217	2
1218	0
1219	2
1220	3
1221	3
1222	1
1223	2
1224	1
1225	1
1226	1
1227	1
1228	1
1229	3
1230	0
1231	0
1232	0
1233	3
1234	3
1235	2
1236	1
1237	1
1238	3
1239	3
1240	0
1241	0
1242	0
1243	2
1244	0
1245	1
1246	1
1247	1
1248	3
1249	2
1250	3
1251	1
1252	3
1253	2
1254	0
1255	2
1256	2
1257	2
1258	0
1259	3
1260	2
1261	0
1262	2
1263	2
1264	1
1265	2
1266	0
1267	3
1268	0
1269	3
1270	3
1271	0
1272	0
1273	2
1274	3
1275	0
1276	3
1277	3
1278	2
1279	2
1280	2
1281	1
1282	2
1283	2
1284	1
1285	2
1286	3
1287	0
1288	0
1289	2
1290	2
1291	3
1292	1
1293	0
1294	0
1295	0
1296	2
1297	3
1298	2
1299	1
1300	3
1301	3
1302	1
1303	1
1304	0
1305	3
1306	2
1307	2
1308	0
1309	0
1310	0
1311	0
1312	0
1313	1
1314	2
1315	0
1316	2
1317	0
1318	2
1319	3
1320	3
1321	1
1322	1
1323	1
1324	1
1325	0
1326	1
1327	1
1328	0
1329	2
1330	1
1331	0
1332	2
1333	1
1334	1
1335	0
1336	3
1337	3
1338	3
1339	2
1340	2
1341	0
1342	1
1343	3
1344	1
1345	3
1346	1
1347	0
1348	2
1349	0
1350	0
1351	3
1352	0
1353	0
1354	1
1355	2
1356	3
1357	1
1358	3
1359	3
1360	2
1361	3
1362	2
1363	3
1364	3
1365	2
1366	0
1367	1
1368	1
1369	0
1370	0
1371	1
1372	1
1373	3
1374	2
1375	0
1376	3
1377	2
1378	2
1379	3
1380	2
1381	0
1382	1
1383	2
1384	3
1385	0
1386	1
1387	2
1388	3
1389	0
1390	1
1391	3
1392	2
1393	1
1394	2
1395	1
1396	1
1397	3
1398	3
1399	0
1400	3
1401	3
1402	1
1403	1
1404	3
1405	0
1406	1
1407	3
1408	3
1409	2
1410	2
1411	2
1412	0
1413	2
1414	0
1415	2
1416	3
1417	1
1418	0
1419	2
1420	2
1421	2
1422	2
1423	0
1424	2
1425	2
1426	0
1427	3
1428	1
1429	0
1430	0
1431	3
1432	1
1433	3
1434	0
1435	0
1436	0
1437	0
1438	0
1439	1
1440	0
1441	0
1442	2
1443	1
1444	0
1445	3
1446	1
1447	2
1448	3
1449	1
1450	3
1451	3
1452	2
1453	0
1454	0
1455	2
1456	0
1457	2
1458	3
1459	0
1460	0
1461	3
1462	2
1463	2
1464	1
1465	0
1466	2
1467	0
1468	0
1469	0
1470	1
1471	1
1472	1
1473	1
1474	3
1475	0
1476	2
1477	2
1478	2
1479	0
1480	1
1481	3
1482	0
1483	0
1484	0
1485	3
1486	2
1487	0
1488	3
1489	3
1490	0
1491	0
1492	3
1493	0
1494	1
1495	0
1496	2
1497	0
1498	0
1499	2
1500	1
1501	1
1502	1
1503	0
1504	0
1505	1
1506	0
1507	3
1508	2
1509	2
1510	3
1511	3
1512	0
1513	0
1514	1
1515	0
1516	1
1517	0
1518	0
1519	1
1520	3
1521	2
1522	2
1523	2
1524	2
1525	1
1526	3
1527	0
1528	1
1529	0
1530	2
1531	3
1532	1
1533	2
1534	0
1535	0
1536	3
1537	1
1538	0
1539	3
1540	2
1541	3
1542	1
1543	0
1544	0
1545	1
1546	2
1547	2
1548	0
1549	0
1550	3
1551	1
1552	0
1553	3
1554	3
1555	3
1556	2
1557	0
1558	3
1559	1
1560	0
1561	2
1562	1
1563	2
1564	0
1565	0
1566	1
1567	3
1568	3
1569	3
1570	0
1571	0
1572	0
1573	3
1574	0
1575	0
1576	0
1577	1
1578	3
1579	0
1580	0
1581	1
1582	2
1583	0
1584	3
1585	0
1586	3
1587	3
1588	0
1589	1
1590	1
1591	2
1592	1
1593	3
1594	2
1595	3
1596	0
1597	2
1598	1
1599	1
1600	2
1601	3
1602	3
1603	1
1604	3
1605	3
1606	2
1607	3
1608	0
1609	2
1610	1
1611	3
1612	1
1613	2
1614	0
1615	1
1616	0
1617	2
1618	3
1619	1
1620	1
1621	3
1622	1
1623	2
1624	3
1625	3
1626	2
1627	2
1628	2
1629	2
1630	0
1631	1
1632	3
1633	2
1634	2
1635	3
1636	2
1637	2
1638	3
1639	2
1640	0
1641	0
1642	0
1643	0
1644	2
1645	1
1646	1
1647	0
1648	0
1649	3
1650	3
1651	3
1652	1
1653	3
1654	3
1655	2
1656	2
1657	3
1658	2
1659	2
1660	3
1661	3
1662	1
1663	1
1664	1
1665	1
1666	0
1667	3
1668	3
1669	2
1670	0
1671	3
1672	3
1673	0
1674	1
1675	3
1676	2
1677	1
1678	0
1679	1
1680	2
1681	2
1682	3
1683	3
1684	3
1685	1
1686	1
1687	1
1688	0
1689	0
1690	2
1691	2
1692	3
1693	1
1694	0
1695	1
1696	1
1697	1
1698	2
1699	0
1700	2
1701	3
1702	1
1703	0
1704	0
1705	1
1706	0
1707	1
1708	2
1709	1
1710	1
1711	2
1712	0
1713	2
1714	0
1715	1
1716	0
1717	2
1718	1
1719	1
1720	1
1721	3
1722	1
1723	3
1724	1
1725	1
1726	3
1727	3
1728	3
1729	2
1730	1
1731	2
1732	3
1733	1
1734	2
1735	3
1736	1
1737	3
1738	1
1739	0
1740	2
1741	3
1742	3
1743	0
1744	2
1745	3
1746	0
1747	2
1748	3
1749	2
1750	3
1751	0
1752	2
1753	2
1754	3
1755	0
1756	3
1757	1
1758	0
1759	3
1760	0
1761	1
1762	1
1763	0
1764	3
1765	2
1766	0
1767	2
1768	1
1769	0
1770	0
1771	3
1772	0
1773	3
1774	3
1775	0
1776	2
1777	3
1778	3
1779	2
1780	0
1781	2
1782	0
1783	2
1784	2
1785	3
1786	3
1787	2
1788	0
1789	3
1790	1
1791	1
1792	0
1793	2
1794	1
1795	0
1796	2
1797	0
1798	3
1799	2
1800	0
1801	1
1802	1
1803	0
1804	1
1805	0
1806	1
1807	0
1808	3
1809	0
1810	2
1811	3
1812	0
1813	2
1814	2
1815	3
1816	2
1817	3
1818	2
1819	3
1820	1
1821	3
1822	1
1823	1
1824	1
1825	3
1826	1
1827	3
1828	1
1829	1
1830	1
1831	1
1832	3
1833	0
1834	0
1835	2
1836	0
1837	1
1838	2
1839	0
1840	2
1841	0
1842	0
1843	1
1844	0
1845	0
1846	2
1847	0
1848	0
1849	2
1850	0
1851	1
1852	2
1853	2
1854	3
1855	0
1856	3
1857	3
1858	0
1859	0
1860	0
1861	3
1862	1
1863	2
1864	3
1865	1
1866	1
1867	3
1868	3
1869	1
1870	3
1871	1
1872	3
1873	3
1874	0
1875	3
1876	0
1877	0
1878	3
1879	3
1880	2
1881	2
1882	1
1883	3
1884	1
1885	2
1886	1
1887	0
1888	3
1889	1
1890	0
1891	0
1892	0
1893	3
1894	0
1895	0
1896	2
1897	0
1898	3
1899	2
1900	1
1901	0
1902	0
1903	1
1904	1
1905	0
1906	2
1907	1
1908	2
1909	3
1910	3
1911	1
1912	1
1913	0
1914	3
1915	3
1916	1
1917	0
1918	2
1919	3
1920	3
1921	0
1922	2
1923	1
1924	0
1925	0
1926	3
1927	2
1928	2
1929	2
1930	2
1931	0
1932	2
1933	0
1934	0
1935	2
1936	0
1937	0
1938	1
1939	3
1940	0
1941	3
1942	0
1943	3
1944	3
1945	3
1946	0
1947	3
1948	3
1949	2
1950	0
1951	0
1952	3
1953	0
1954	1
1955	0
1956	0
1957	1
1958	3
1959	1
1960	0
1961	3
1962	0
1963	0
1964	3
1965	2
1966	3
1967	3
1968	1
1969	3
1970	2
1971	0
1972	2
1973	2
1974	3
1975	3
1976	2
1977	2
1978	2
1979	2
1980	2
1981	0
1982	3
1983	1
1984	0
1985	0
1986	1
1987	1
1988	1
1989	3
1990	3
1991	3
1992	0
1993	3
1994	0
1995	1
1996	0
1997	0
1998	1
1999	0
2000	1
2001	0
2002	2
2003	0
2004	0
2005	3
2006	1
2007	1
2008	0
2009	0
2010	1
2011	3
2012	2
2013	2
2014	0
2015	0
2016	2
2017	1
2018	1
2019	3
2020	1
2021	0
2022	0
2023	1
2024	2
2025	0
2026	1
2027	1
2028	0
2029	3
2030	1
2031	1
2032	2
2033	2
2034	1
2035	0
2036	0
2037	3
2038	2
2039	0
2040	0
2041	0
2042	1
2043	2
2044	1
2045	1
2046	0
2047	0
2048	3
2049	1
2050	0
2051	0
2052	0
2053	2
2054	3
2055	1
2056	3
2057	2
2058	2
2059	1
2060	1
2061	2
2062	2
2063	0
2064	2
2065	1
2066	3
2067	2
2068	1
2069	3
2070	2
2071	3
2072	1
2073	0
2074	0
2075	0
2076	0
2077	3
2078	1
2079	2
2080	2
2081	3
2082	3
2083	1
2084	2
2085	3
2086	1
2087	2
2088	1
2089	1
2090	2
2091	2
2092	0
2093	2
2094	3
2095	3
2096	0
2097	0
2098	0
2099	3
2100	2
2101	1
2102	0
2103	1
2104	3
2105	0
2106	2
2107	3
2108	2
2109	1
2110	2
2111	3
2112	1
2113	2
2114	2
2115	3
2116	1
2117	2
2118	0
2119	0
2120	1
2121	3
2122	3
2123	0
2124	1
2125	3
2126	2
2127	3
2128	1
2129	0
2130	3
2131	1
2132	3
2133	2
2134	2
2135	2
2136	2
2137	1
2138	3
2139	0
2140	3
2141	1
2142	0
2143	1
2144	2
2145	1
2146	2
2147	3
2148	1
2149	2
2150	0
2151	2
2152	0
2153	1
2154	0
2155	3
2156	2
2157	3
2158	3
2159	3
2160	3
2161	1
2162	0
2163	2
2164	3
2165	1
2166	1
2167	0
2168	3
2169	0
2170	0
2171	3
2172	3
2173	2
2174	3
2175	2
2176	0
2177	0
2178	2
2179	0
2180	0
2181	2
2182	1
2183	2
2184	3
2185	2
2186	2
2187	2
2188	3
2189	0
2190	1
2191	3
2192	3
2193	1
2194	0
2195	2
2196	0
2197	3
2198	1
2199	3
2200	1
2201	3
2202	1
2203	2
2204	2
2205	2
2206	1
2207	0
2208	3
2209	0
2210	3
2211	3
2212	3
2213	2
2214	0
2215	0
2216	0
2217	2
2218	3
2219	0
2220	1
2221	1
2222	0
2223	2
2224	2
2225	0
2226	2
2227	1
2228	3
2229	3
2230	0
2231	2
2232	1
2233	2
2234	2
2235	1
2236	1
2237	2
2238	3
2239	0
2240	3
2241	3
2242	1
2243	0
2244	3
2245	1
2246	3
2247	3
2248	3
2249	3
2250	0
2251	3
2252	0
2253	3
2254	1
2255	1
2256	2
2257	2
2258	0
2259	3
2260	3
2261	0
2262	3
2263	0
2264	0
2265	2
2266	2
2267	2
2268	1
2269	0
2270	1
2271	0
2272	1
2273	2
2274	2
2275	1
2276	3
2277	3
2278	0
2279	0
2280	1
2281	3
2282	3
2283	0
2284	2
2285	3
2286	0
2287	0
2288	3
2289	0
2290	0
2291	3
2292	3
2293	3
2294	3
2295	3
2296	2
2297	1
2298	1
2299	1
2300	0
2301	0
2302	3
2303	2
2304	2
2305	2
2306	1
2307	1
2308	3
2309	3
2310	2
2311	2
2312	2
2313	0
2314	0
2315	3
2316	2
2317	1
2318	0
2319	3
2320	0
2321	2
2322	2
2323	0
2324	1
2325	3
2326	2
2327	3
2328	2
2329	1
2330	3
2331	1
2332	0
2333	0
2334	0
2335	1
2336	1
2337	1
2338	3
2339	1
2340	3
2341	2
2342	0
2343	0
2344	0
2345	2
2346	0
2347	1
2348	0
2349	3
2350	1
2351	2
2352	2
2353	1
2354	1
2355	0
2356	0
2357	2
2358	2
2359	1
2360	1
2361	2
2362	3
2363	3
2364	1
2365	0
2366	3
2367	0
2368	3
2369	0
2370	2
2371	1
2372	0
2373	3
2374	3
2375	0
2376	2
2377	2
2378	3
2379	2
2380	0
2381	1
2382	0
2383	1
2384	2
2385	2
2386	0
2387	1
2388	0
2389	2
2390	2
2391	1
2392	1
2393	0
2394	0
2395	1
2396	3
2397	0
2398	2
2399	0
2400	1
2401	0
2402	1
2403	0
2404	1
2405	2
2406	3
2407	2
2408	2
2409	0
2410	1
2411	1
2412	1
2413	0
2414	0
2415	0
2416	3
2417	2
2418	2
2419	0
2420	1
2421	2
2422	0
2423	0
2424	0
2425	3
2426	1
2427	0
2428	1
2429	0
2430	1
2431	3
2432	1
2433	3
2434	3
2435	1
2436	1
2437	1
2438	2
2439	3
2440	1
2441	0
2442	0
2443	0
2444	0
2445	2
2446	2
2447	1
2448	0
2449	0
2450	0
2451	0
2452	3
2453	2
2454	2
2455	0
2456	0
2457	3
2458	3
2459	2
2460	3
2461	1
2462	3
2463	2
2464	1
2465	3
2466	3
2467	3
2468	2
2469	0
2470	3
2471	3
2472	0
2473	0
2474	2
2475	3
2476	3
2477	2
2478	2
2479	3
2480	1
2481	2
2482	3
2483	1
2484	3
2485	2
2486	2
2487	3
2488	2
2489	2
2490	0
2491	1
2492	3
2493	0
2494	2
2495	1
2496	2
2497	1
2498	2
2499	0
2500	3
2501	2
2502	0
2503	1
2504	1
2505	2
2506	2
2507	2
2508	0
2509	3
2510	1
2511	0
2512	2
2513	2
2514	1
2515	2
2516	3
2517	2
2518	1
2519	2
2520	2
2521	1
2522	3
2523	3
2524	1
2525	0
2526	3
2527	0
2528	0
2529	2
2530	1
2531	0
2532	1
2533	3
2534	1
2535	3
2536	3
2537	2
2538	0
2539	0
2540	2
2541	3
2542	2
2543	0
2544	0
2545	3
2546	3
2547	0
2548	0
2549	3
2550	1
2551	3
2552	2
2553	2
2554	1
2555	2
2556	3
2557	0
2558	1
2559	2
2560	1
2561	1
2562	3
2563	2
2564	3
2565	1
2566	0
2567	2
2568	3
2569	3
2570	3
2571	1
2572	1
2573	0
2574	1
2575	0
2576	0
2577	3
2578	1
2579	1
2580	3
2581	2
2582	0
2583	2
2584	1
2585	1
2586	1
2587	2
2588	1
2589	2
2590	1
2591	2
2592	2
2593	0
2594	2
2595	3
2596	1
2597	1
2598	1
2599	1
2600	2
2601	3
2602	2
2603	3
2604	1
2605	0
2606	1
2607	2
2608	3
2609	2
2610	0
2611	2
2612	3
2613	2
2614	2
2615	3
2616	3
2617	0
2618	2
2619	2
2620	1
2621	0
2622	1
2623	2
2624	3
2625	3
2626	1
2627	0
2628	2
2629	1
2630	1
2631	2
2632	0
2633	0
2634	0
2635	1
2636	0
2637	2
2638	2
2639	3
2640	2
2641	0
2642	0
2643	2
2644	2
2645	2
2646	1
2647	3
2648	1
2649	0
2650	1
2651	1
2652	1
2653	1
2654	0
2655	1
2656	1
2657	2
2658	2
2659	0
2660	0
2661	1
2662	1
2663	0
2664	2
2665	2
2666	2
2667	3
2668	0
2669	2
2670	3
2671	3
2672	0
2673	3
2674	0
2675	1
2676	0
2677	1
2678	0
2679	3
2680	0
2681	3
2682	2
2683	0
2684	3
2685	3
2686	2
2687	3
2688	2
2689	0
2690	2
2691	3
2692	0
2693	2
2694	0
2695	1
2696	2
2697	3
2698	3
2699	3
2700	3
2701	0
2702	0
2703	1
2704	3
2705	1
2706	1
2707	2
2708	2
2709	0
2710	2
2711	3
2712	1
2713	3
2714	0
2715	0
2716	1
2717	0
2718	3
2719	1
2720	2
2721	1
2722	1
2723	0
2724	0
2725	1
2726	0
2727	2
2728	0
2729	1
2730	1
2731	3
2732	0
2733	2
2734	2
2735	0
2736	0
2737	1
2738	1
2739	0
2740	2
2741	2
2742	1
2743	2
2744	1
2745	2
2746	1
2747	1
2748	1
2749	2
2750	1
2751	1
2752	1
2753	3
2754	1
2755	0
2756	1
2757	1
2758	2
2759	0
2760	3
2761	0
2762	2
2763	2
2764	2
2765	1
2766	3
2767	1
2768	0
2769	2
2770	1
2771	0
2772	2
2773	3
2774	3
2775	1
2776	1
2777	1
2778	2
2779	0
2780	1
2781	1
2782	3
2783	2
2784	3
2785	2
2786	2
2787	2
2788	1
2789	3
2790	3
2791	0
2792	0
2793	0
2794	3
2795	2
2796	3
2797	2
2798	1
2799	2
2800	3
2801	3
2802	0
2803	0
2804	3
2805	0
2806	0
2807	1
2808	3
2809	2
2810	1
2811	0
2812	0
2813	2
2814	3
2815	1
2816	2
2817	3
2818	0
2819	0
2820	0
2821	0
2822	1
2823	2
2824	1
2825	2
2826	0
2827	3
2828	1
2829	2
2830	1
2831	2
2832	3
2833	2
2834	3
2835	0
2836	1
2837	3
2838	1
2839	1
2840	0
2841	3
2842	3
2843	0
2844	0
2845	2
2846	2
2847	0
2848	1
2849	1
2850	3
2851	0
2852	1
2853	1
2854	0
2855	1
2856	1
2857	0
2858	2
2859	1
2860	2
2861	2
2862	3
2863	2
2864	1
2865	3
2866	2
2867	0
2868	0
2869	3
2870	0
2871	0
2872	2
2873	3
2874	1
2875	0
2876	2
2877	3
2878	1
2879	2
2880	0
2881	1
2882	1
2883	3
2884	2
2885	1
2886	3
2887	3
2888	2
2889	2
2890	0
2891	3
2892	0
2893	1
2894	3
2895	3
2896	1
2897	0
2898	3
2899	3
2900	0
2901	2
2902	2
2903	2
2904	2
2905	1
2906	0
2907	0
2908	0
2909	1
2910	3
2911	3
2912	0
2913	3
2914	0
2915	3
2916	1
2917	1
2918	2
2919	3
2920	2
2921	0
2922	2
2923	0
2924	1
2925	0
2926	0
2927	1
2928	0
2929	1
2930	2
2931	1
2932	2
2933	1
2934	2
2935	3
2936	2
2937	3
2938	0
2939	3
2940	3
2941	0
2942	3
2943	3
2944	1
2945	3
2946	3
2947	0
2948	1
2949	0
2950	3
2951	3
2952	2
2953	0
2954	0
2955	0
2956	1
2957	1
2958	0
2959	2
2960	0
2961	3
2962	2
2963	3
2964	0
2965	2
2966	3
2967	1
2968	0
2969	1
2970	0
2971	2
2972	3
2973	3
2974	1
2975	1
2976	1
2977	0
2978	0
2979	3
2980	0
2981	0
2982	0
2983	2
2984	0
2985	3
2986	0
2987	1
2988	2
2989	2
2990	0
2991	3
2992	2
2993	1
2994	1
2995	3
2996	0
2997	1
2998	1
2999	2
3000	2
3001	2
3002	3
3003	0
3004	1
3005	1
3006	0
3007	2
3008	1
3009	0
3010	0
3011	0
3012	2
3013	2
3014	1
3015	2
3016	2
3017	1
3018	0
3019	2
3020	0
3021	2
3022	1
3023	1
3024	3
3025	2
3026	1
3027	1
3028	0
3029	1
3030	1
3031	0
3032	0
3033	2
3034	2
3035	2
3036	3
3037	1
3038	2
3039	2
3040	0
3041	3
3042	1
3043	0
3044	1
3045	3
3046	2
3047	0
3048	1
3049	1
3050	2
3051	1
3052	0
3053	1
3054	3
3055	3
3056	1
3057	1
3058	2
3059	3
3060	1
3061	0
3062	3
3063	3
3064	3
3065	0
3066	2
3067	3
3068	2
3069	0
3070	0
3071	3
3072	1
3073	2
3074	2
3075	3
3076	2
3077	1
3078	2
3079	3
3080	0
3081	1
3082	2
3083	2
3084	3
3085	0
3086	0
3087	3
3088	0
3089	2
3090	0
3091	0
3092	3
3093	1
3094	1
3095	0
3096	0
3097	2
3098	1
3099	2
3100	0
3101	2
3102	3
3103	1
3104	2
3105	1
3106	1
3107	3
3108	0
3109	2
3110	1
3111	0
3112	1
3113	1
3114	2
3115	2
3116	1
3117	0
3118	3
3119	1
3120	0
3121	1
3122	0
3123	2
3124	0
3125	1
3126	2
3127	1
3128	1
3129	1
3130	0
3131	3
3132	1
3133	3
3134	2
3135	3
3136	2
3137	3
3138	0
3139	2
3140	2
3141	3
3142	3
3143	0
3144	3
3145	0
3146	1
3147	3
3148	2
3149	1
3150	1
3151	2
3152	3
3153	0
3154	2
3155	2
3156	2
3157	1
3158	0
3159	1
3160	1
3161	3
3162	0
3163	3
3164	1
3165	1
3166	3
3167	0
3168	1
3169	0
3170	0
3171	1
3172	2
3173	1
3174	3
3175	0
3176	2
3177	0
3178	2
3179	1
3180	1
3181	1
3182	0
3183	2
3184	2
3185	0
3186	3
3187	2
3188	1
3189	0
3190	1
3191	2
3192	0
3193	0
3194	2
3195	0
3196	1
3197	3
3198	3
3199	1
3200	0
3201	0
3202	1
3203	1
3204	3
3205	3
3206	0
3207	1
3208	0
3209	2
3210	1
3211	0
3212	0
3213	1
3214	0
3215	3
3216	2
3217	1
3218	1
3219	0
3220	0
3221	2
3222	0
3223	1
3224	0
3225	3
3226	0
3227	3
3228	0
3229	0
3230	3
3231	0
3232	0
3233	1
3234	0
3235	3
3236	0
3237	3
3238	3
3239	3
3240	1
3241	1
3242	2
3243	2
3244	3
3245	1
3246	2
3247	0
3248	3
3249	3
3250	2
3251	3
3252	1
3253	1
3254	2
3255	0
3256	0
3257	2
3258	3
3259	1
3260	1
3261	1
3262	2
3263	1
3264	3
3265	2
3266	1
3267	0
3268	1
3269	1
3270	2
3271	0
3272	2
3273	3
3274	3
3275	1
3276	1
3277	0
3278	3
3279	2
3280	3
3281	1
3282	2
3283	3
3284	1
3285	3
3286	2
3287	3
3288	1
3289	2
3290	0
3291	1
3292	0
3293	1
3294	0
3295	1
3296	1
3297	2
3298	1
3299	0
3300	1
3301	0
3302	2
3303	0
3304	3
3305	2
3306	0
3307	0
3308	0
3309	3
3310	3
3311	2
3312	2
3313	3
3314	1
3315	1
3316	0
3317	1
3318	2
3319	2
3320	2
3321	0
3322	2
3323	0
3324	1
3325	1
3326	0
3327	3
3328	1
3329	3
3330	0
3331	1
3332	0
3333	3
3334	3
3335	0
3336	3
3337	0
3338	1
3339	3
3340	3
3341	1
3342	3
3343	0
3344	1
3345	1
3346	3
3347	2
3348	1
3349	0
3350	0
3351	3
3352	0
3353	2
3354	1
3355	1
3356	1
3357	2
3358	0
3359	2
3360	1
3361	0
3362	0
3363	3
3364	1
3365	3
3366	1
3367	3
3368	0
3369	2
3370	1
3371	0
3372	0
3373	3
3374	0
3375	0
3376	2
3377	1
3378	0
3379	1
3380	2
3381	3
3382	3
3383	0
3384	2
3385	1
3386	3
3387	3
3388	2
3389	1
3390	0
3391	2
3392	3
3393	0
3394	0
3395	0
3396	2
3397	2
3398	1
3399	0
3400	1
3401	0
3402	2
3403	2
3404	3
3405	1
3406	2
3407	1
3408	3
3409	0
3410	2
3411	0
3412	1
3413	0
3414	2
3415	2
3416	1
3417	3
3418	3
3419	3
3420	0
3421	0
3422	2
3423	1
3424	2
3425	3
3426	2
3427	3
3428	3
3429	0
3430	1
3431	3
3432	1
3433	0
3434	3
3435	1
3436	0
3437	1
3438	0
3439	1
3440	1
3441	1
3442	2
3443	3
3444	3
3445	1
3446	1
3447	1
3448	3
3449	2
3450	0
3451	2
3452	1
3453	0
3454	2
3455	2
3456	3
3457	3
3458	2
3459	1
3460	1
3461	0
3462	3
3463	3
3464	1
3465	1
3466	3
3467	2
3468	1
3469	1
3470	3
3471	2
3472	0
3473	2
3474	2
3475	3
3476	2
3477	2
3478	1
3479	0
3480	0
3481	0
3482	2
3483	0
3484	3
3485	1
3486	1
3487	2
3488	3
3489	3
3490	0
3491	1
3492	0
3493	3
3494	1
3495	0
3496	0
3497	3
3498	2
3499	3
3500	3
3501	3
3502	3
3503	0
3504	1
3505	0
3506	2
3507	3
3508	3
3509	2
3510	3
3511	3
3512	2
3513	1
3514	0
3515	3
3516	0
3517	2
3518	0
3519	3
3520	0
3521	2
3522	0
3523	3
3524	3
3525	3
3526	3
3527	1
3528	1
3529	2
3530	2
3531	0
3532	2
3533	0
3534	2
3535	0
3536	3
3537	0
3538	2
3539	3
3540	0
3541	1
3542	2
3543	0
3544	0
3545	1
3546	0
3547	2
3548	1
3549	3
3550	2
3551	2
3552	1
3553	2
3554	1
3555	3
3556	1
3557	3
3558	2
3559	3
3560	0
3561	0
3562	0
3563	3
3564	1
3565	1
3566	0
3567	0
3568	3
3569	0
3570	3
3571	3
3572	0
3573	3
3574	1
3575	0
3576	0
3577	2
3578	1
3579	0
3580	1
3581	3
3582	3
3583	3
3584	2
3585	3
3586	2
3587	1
3588	0
3589	3
3590	2
3591	0
3592	3
3593	3
3594	1
3595	3
3596	2
3597	1
3598	1
3599	0
3600	2
3601	0
3602	2
3603	0
3604	2
3605	3
3606	0
3607	2
3608	0
3609	3
3610	2
3611	1
3612	2
3613	2
3614	3
3615	1
3616	1
3617	2
3618	2
3619	1
3620	1
3621	2
3622	3
3623	0
3624	2
3625	0
3626	2
3627	3
3628	0
3629	2
3630	3
3631	2
3632	3
3633	3
3634	0
3635	3
3636	0
3637	0
3638	0
3639	0
3640	3
3641	1
3642	3
3643	2
3644	2
3645	0
3646	2
3647	3
3648	2
3649	2
3650	1
3651	1
3652	2
3653	1
3654	2
3655	0
3656	1
3657	1
3658	2
3659	3
3660	2
3661	1
3662	2
3663	2
3664	2
3665	2
3666	1
3667	3
3668	1
3669	0
3670	2
3671	2
3672	1
3673	2
3674	0
3675	1
3676	3
3677	2
3678	3
3679	2
3680	0
3681	1
3682	2
3683	2
3684	1
3685	2
3686	0
3687	3
3688	2
3689	0
3690	3
3691	2
3692	3
3693	3
3694	2
3695	1
3696	2
3697	3
3698	0
3699	3
3700	1
3701	0
3702	1
3703	3
3704	0
3705	2
3706	3
3707	3
3708	2
3709	1
3710	3
3711	1
3712	0
3713	1
3714	1
3715	0
3716	2
3717	3
3718	0
3719	1
3720	3
3721	3
3722	3
3723	3
3724	2
3725	0
3726	3
3727	0
3728	1
3729	1
3730	2
3731	1
3732	2
3733	0
3734	1
3735	1
3736	1
3737	1
3738	3
3739	0
3740	1
3741	1
3742	2
3743	3
3744	3
3745	0
3746	0
3747	1
3748	2
3749	1
3750	3
3751	2
3752	2
3753	0
3754	2
3755	2
3756	1
3757	1
3758	0
3759	1
3760	1
3761	3
3762	2
3763	0
3764	0
3765	0
3766	1
3767	3
3768	0
3769	3
3770	2
3771	0
3772	1
3773	3
3774	1
3775	0
3776	3
3777	1
3778	0
3779	1
3780	3
3781	1
3782	1
3783	0
3784	0
3785	0
3786	3
3787	0
3788	0
3789	2
3790	2
3791	1
3792	2
3793	1
3794	1
3795	2
3796	3
3797	2
3798	0
3799	1
3800	2
3801	1
3802	3
3803	3
3804	1
3805	0
3806	0
3807	2
3808	2
3809	0
3810	2
3811	0
3812	0
3813	1
3814	0
3815	3
3816	2
3817	0
3818	1
3819	1
3820	3
3821	1
3822	3
3823	1
3824	3
3825	3
3826	2
3827	1
3828	3
3829	0
3830	0
3831	3
3832	3
3833	1
3834	2
3835	3
3836	2
3837	3
3838	0
3839	3
3840	0
3841	1
3842	1
3843	2
3844	2
3845	2
3846	3
3847	0
3848	0
3849	0
3850	2
3851	0
3852	1
3853	3
3854	3
3855	0
3856	2
3857	2
3858	0
3859	2
3860	0
3861	0
3862	2
3863	3
3864	3
3865	3
3866	2
3867	2
3868	2
3869	2
3870	1
3871	0
3872	2
3873	0
3874	0
3875	2
3876	2
3877	3
3878	0
3879	2
3880	2
3881	1
3882	2
3883	2
3884	1
3885	3
3886	2
3887	1
3888	3
3889	2
3890	3
3891	0
3892	1
3893	2
3894	1
3895	3
3896	2
3897	0
3898	2
3899	0
3900	2
3901	2
3902	1
3903	0
3904	1
3905	3
3906	3
3907	2
3908	3
3909	3
3910	0
3911	0
3912	0
3913	2
3914	2
3915	2
3916	1
3917	1
3918	0
3919	0
3920	1
3921	2
3922	2
3923	1
3924	1
3925	0
3926	3
3927	3
3928	3
3929	1
3930	2
3931	1
3932	3
3933	2
3934	0
3935	1
3936	2
3937	1
3938	2
3939	3
3940	0
3941	3
3942	0
3943	1
3944	3
3945	1
3946	3
3947	3
3948	1
3949	3
3950	0
3951	0
3952	3
3953	2
3954	2
3955	3
3956	2
3957	1
3958	0
3959	1
3960	1
3961	0
3962	0
3963	0
3964	2
3965	0
3966	2
3967	0
3968	1
3969	1
3970	2
3971	1
3972	1
3973	2
3974	1
3975	1
3976	1
3977	2
3978	3
3979	3
3980	2
3981	3
3982	0
3983	0
3984	3
3985	0
3986	1
3987	2
3988	0
3989	0
3990	3
3991	0
3992	3
3993	3
3994	1
3995	2
3996	1
3997	0
3998	1
3999	2
4000	3
4001	1
4002	0
4003	1
4004	0
4005	3
4006	1
4007	0
4008	1
4009	0
4010	2
4011	3
4012	1
4013	1
4014	0
4015	1
4016	2
4017	3
4018	2
4019	1
4020	0
4021	1
4022	0
4023	3
4024	2
4025	0
4026	0
4027	2
4028	0
4029	2
4030	1
4031	3
4032	0
4033	3
4034	0
4035	1
4036	1
4037	1
4038	0
4039	0
4040	3
4041	3
4042	0
4043	0
4044	1
4045	3
4046	1
4047	3
4048	3
4049	3
4050	2
4051	3
4052	0
4053	1
4054	2
4055	0
4056	1
4057	1
4058	3
4059	1
4060	3
4061	3
4062	2
4063	1
4064	3
4065	0
4066	2
4067	3
4068	0
4069	0
4070	1
4071	2
4072	1
4073	3
4074	0
4075	2
4076	1
4077	3
4078	3
4079	2
4080	2
4081	3
4082	2
4083	1
4084	3
4085	2
4086	2
4087	0
4088	0
4089	3
4090	3
4091	3
4092	3
4093	0
4094	0
4095	2
4096	1
4097	2
4098	2
4099	1
4100	2
4101	3
4102	3
4103	1
4104	0
4105	3
4106	1
4107	0
4108	2
4109	2
4110	1
4111	3
4112	0
4113	1
4114	3
4115	1
4116	3
4117	0
4118	0
4119	2
4120	0
4121	0
4122	2
4123	1
4124	2
4125	0
4126	3
4127	3
4128	3
4129	1
4130	3
4131	3
4132	3
4133	0
4134	1
4135	1
4136	0
4137	0
4138	2
4139	0
4140	3
4141	2
4142	0
4143	0
4144	1
4145	2
4146	3
4147	3
4148	0
4149	2
4150	2
4151	2
4152	3
4153	1
4154	3
4155	2
4156	2
4157	2
4158	3
4159	2
4160	2
4161	3
4162	0
4163	2
4164	2
4165	3
4166	0
4167	1
4168	3
4169	2
4170	0
4171	1
4172	2
4173	3
4174	1
4175	1
4176	0
4177	3
4178	1
4179	3
4180	2
4181	0
4182	2
4183	1
4184	1
4185	2
4186	3
4187	2
4188	0
4189	0
4190	0
4191	2
4192	2
4193	3
4194	1
4195	1
4196	3
4197	1
4198	2
4199	3
4200	3
4201	2
4202	1
4203	0
4204	3
4205	3
4206	1
4207	2
4208	1
4209	3
4210	0
4211	3
4212	2
4213	3
4214	0
4215	3
4216	0
4217	1
4218	3
4219	0
4220	1
4221	1
4222	1
4223	0
4224	2
4225	0
4226	0
4227	3
4228	3
4229	0
4230	2
4231	0
4232	2
4233	0
4234	0
4235	0
4236	2
4237	0
4238	0
4239	3
4240	2
4241	1
4242	3
4243	1
4244	2
4245	3
4246	0
4247	2
4248	1
4249	2
4250	2
4251	0
4252	2
4253	0
4254	3
4255	3
4256	1
4257	3
4258	3
4259	1
4260	1
4261	3
4262	0
4263	0
4264	1
4265	1
4266	0
4267	1
4268	0
4269	0
4270	2
4271	3
4272	1
4273	0
4274	2
4275	0
4276	3
4277	2
4278	3
4279	1
4280	1
4281	3
4282	0
4283	0
4284	1
4285	1
4286	0
4287	2
4288	1
4289	1
4290	3
4291	2
4292	1
4293	0
4294	0
4295	2
4296	1
4297	1
4298	0
4299	3
4300	2
4301	3
4302	3
4303	0
4304	0
4305	0
4306	2
4307	1
4308	3
4309	1
4310	1
4311	0
4312	0
4313	0
4314	0
4315	2
4316	1
4317	1
4318	2
4319	3
4320	1
4321	3
4322	1
4323	3
4324	3
4325	1
4326	3
4327	3
4328	3
4329	3
4330	2
4331	1
4332	1
4333	0
4334	1
4335	1
4336	1
4337	2
4338	1
4339	2
4340	2
4341	3
4342	2
4343	2
4344	1
4345	1
4346	2
4347	0
4348	1
4349	2
4350	1
4351	0
4352	3
4353	1
4354	1
4355	1
4356	2
4357	0
4358	3
4359	3
4360	0
4361	3
4362	3
4363	0
4364	3
4365	0
4366	2
4367	2
4368	3
4369	3
4370	2
4371	1
4372	0
4373	3
4374	2
4375	3
4376	1
4377	0
4378	0
4379	0
4380	3
4381	0
4382	2
4383	0
4384	0
4385	1
4386	1
4387	1
4388	1
4389	0
4390	3
4391	0
4392	3
4393	1
4394	1
4395	0
4396	2
4397	2
4398	2
4399	3
4400	1
4401	1
4402	1
4403	0
4404	1
4405	3
4406	2
4407	3
4408	1
4409	2
4410	2
4411	3
4412	0
4413	2
4414	0
4415	1
4416	3
4417	2
4418	3
4419	2
4420	0
4421	3
4422	3
4423	2
4424	2
4425	1
4426	2
4427	2
4428	1
4429	0
4430	2
4431	3
4432	3
4433	1
4434	2
4435	0
4436	2
4437	1
4438	1
4439	3
4440	2
4441	1
4442	3
4443	0
4444	3
4445	2
4446	3
4447	1
4448	2
4449	0
4450	3
4451	0
4452	1
4453	2
4454	1
4455	2
4456	0
4457	1
4458	3
4459	3
4460	1
4461	3
4462	2
4463	3
4464	0
4465	1
4466	2
4467	3
4468	2
4469	0
4470	0
4471	0
4472	3
4473	2
4474	0
4475	2
4476	1
4477	0
4478	3
4479	0
4480	0
4481	3
4482	3
4483	3
4484	3
4485	0
4486	0
4487	2
4488	3
4489	0
4490	3
4491	2
4492	1
4493	2
4494	2
4495	2
4496	3
4497	2
4498	0
4499	0
4500	1
4501	3
4502	3
4503	1
4504	1
4505	1
4506	2
4507	1
4508	1
4509	3
4510	1
4511	0
4512	1
4513	3
4514	1
4515	3
4516	1
4517	0
4518	3
4519	1
4520	0
4521	0
4522	0
4523	0
4524	0
4525	3
4526	2
4527	3
4528	0
4529	0
4530	0
4531	2
4532	1
4533	3
4534	1
4535	3
4536	3
4537	3
4538	2
4539	0
4540	0
4541	1
4542	3
4543	3
4544	2
4545	0
4546	1
4547	2
4548	2
4549	1
4550	3
4551	2
4552	0
4553	2
4554	1
4555	2
4556	2
4557	0
4558	2
4559	1
4560	2
4561	1
4562	2
4563	2
4564	0
4565	1
4566	1
4567	1
4568	3
4569	1
4570	2
4571	2
4572	2
4573	1
4574	1
4575	0
4576	0
4577	2
4578	3
4579	2
4580	0
4581	2
4582	1
4583	2
4584	1
4585	3
4586	1
4587	0
4588	2
4589	3
4590	1
4591	0
4592	0
4593	2
4594	1
4595	3
4596	2
4597	2
4598	3
4599	3
4600	2
4601	2
4602	2
4603	3
4604	0
4605	1
4606	1
4607	0
4608	1
4609	0
4610	2
4611	3
4612	2
4613	2
4614	3
4615	1
4616	0
4617	0
4618	1
4619	3
4620	3
4621	0
4622	2
4623	3
4624	1
4625	2
4626	0
4627	3
4628	1
4629	3
4630	3
4631	1
4632	3
4633	3
4634	2
4635	2
4636	0
4637	0
4638	0
4639	2
4640	1
4641	0
4642	0
4643	1
4644	3
4645	0
4646	3
4647	0
4648	1
4649	2
4650	2
4651	3
4652	2
4653	3
4654	0
4655	0
4656	0
4657	1
4658	0
4659	2
4660	1
4661	1
4662	1
4663	0
4664	2
4665	2
4666	0
4667	0
4668	2
4669	3
4670	0
4671	1
4672	2
4673	2
4674	0
4675	0
4676	1
4677	0
4678	1
4679	2
4680	2
4681	0
4682	2
4683	2
4684	1
4685	2
4686	1
4687	0
4688	0
4689	1
4690	1
4691	3
4692	1
4693	2
4694	2
4695	2
4696	2
4697	2
4698	2
4699	0
4700	1
4701	1
4702	0
4703	1
4704	2
4705	2
4706	3
4707	3
4708	2
4709	2
4710	3
4711	3
4712	1
4713	0
4714	2
4715	3
4716	0
4717	0
4718	0
4719	0
4720	2
4721	3
4722	2
4723	2
4724	0
4725	0
4726	3
4727	1
4728	2
4729	3
4730	3
4731	2
4732	0
4733	1
4734	1
4735	1
4736	1
4737	0
4738	3
4739	1
4740	1
4741	2
4742	3
4743	2
4744	1
4745	3
4746	3
4747	0
4748	2
4749	0
4750	1
4751	0
4752	1
4753	2
4754	2
4755	1
4756	3
4757	2
4758	3
4759	2
4760	3
4761	3
4762	2
4763	0
4764	2
4765	1
4766	0
4767	3
4768	2
4769	1
4770	2
4771	2
4772	3
4773	1
4774	3
4775	1
4776	3
4777	0
4778	1
4779	1
4780	1
4781	3
4782	2
4783	2
4784	0
4785	2
4786	3
4787	3
4788	3
4789	1
4790	1
4791	2
4792	0
4793	3
4794	3
4795	1
4796	2
4797	2
4798	3
4799	3
4800	1
4801	3
4802	3
4803	1
4804	0
4805	1
4806	1
4807	1
4808	2
4809	0
4810	3
4811	0
4812	0
4813	0
4814	1
4815	2
4816	1
4817	1
4818	3
4819	0
4820	1
4821	3
4822	0
4823	1
4824	3
4825	3
4826	3
4827	0
4828	0
4829	2
4830	2
4831	0
4832	2
4833	3
4834	0
4835	2
4836	2
4837	1
4838	0
4839	2
4840	3
4841	2
4842	3
4843	0
4844	2
4845	1
4846	2
4847	2
4848	0
4849	3
4850	0
4851	3
4852	0
4853	3
4854	3
4855	1
4856	2
4857	0
4858	0
4859	3
4860	1
4861	0
4862	0
4863	2
4864	1
4865	3
4866	3
4867	3
4868	1
4869	1
4870	2
4871	2
4872	1
4873	1
4874	1
4875	1
4876	3
4877	3
4878	0
4879	1
4880	2
4881	0
4882	2
4883	3
4884	0
4885	3
4886	0
4887	0
4888	2
4889	3
4890	0
4891	3
4892	1
4893	2
4894	3
4895	2
4896	2
4897	2
4898	0
4899	1
4900	0
4901	3
4902	2
4903	0
4904	3
4905	2
4906	1
4907	0
4908	0
4909	0
4910	0
4911	0
4912	0
4913	0
4914	1
4915	1
4916	0
4917	2
4918	1
4919	0
4920	2
4921	0
4922	0
4923	0
4924	1
4925	1
4926	1
4927	3
4928	2
4929	1
4930	3
4931	3
4932	3
4933	1
4934	3
4935	2
4936	2
4937	0
4938	2
4939	1
4940	3
4941	0
4942	2
4943	2
4944	3
4945	2
4946	3
4947	0
4948	1
4949	2
4950	0
4951	1
4952	2
4953	0
4954	0
4955	2
4956	1
4957	1
4958	2
4959	0
4960	3
4961	2
4962	0
4963	1
4964	2
4965	3
4966	2
4967	1
4968	1
4969	2
4970	0
4971	2
4972	2
4973	2
4974	2
4975	3
4976	0
4977	2
4978	2
4979	1
4980	2
4981	2
4982	1
4983	0
4984	1
4985	3
4986	0
4987	3
4988	0
4989	1
4990	3
4991	0
4992	3
4993	2
4994	3
4995	2
4996	1
4997	0
4998	1
4999	3
5000	1
5001	3
5002	2
5003	3
5004	0
5005	2
5006	1
5007	2
5008	3
5009	3
5010	1
5011	1
5012	0
5013	2
5014	0
5015	3
5016	1
5017	2
5018	3
5019	1
5020	3
5021	3
5022	3
5023	0
5024	0
5025	2
5026	2
5027	3
5028	2
5029	3
5030	0
5031	1
5032	3
5033	2
5034	0
5035	1
5036	3
5037	0
5038	2
5039	2
5040	1
5041	0
5042	0
5043	3
5044	0
5045	0
5046	2
5047	0
5048	1
5049	1
5050	2
5051	2
5052	3
5053	0
5054	0
5055	0
5056	1
5057	1
5058	2
5059	1
5060	2
5061	3
5062	0
5063	2
5064	0
5065	0
5066	2
5067	0
5068	2
5069	1
5070	0
5071	0
5072	3
5073	0
5074	3
5075	2
5076	0
5077	3
5078	2
5079	1
5080	2
5081	1
5082	2
5083	1
5084	1
5085	1
5086	3
5087	2
5088	2
5089	3
5090	0
5091	2
5092	1
5093	0
5094	1
5095	3
5096	1
5097	0
5098	0
5099	0
5100	0
5101	3
5102	0
5103	1
5104	3
5105	3
5106	1
5107	3
5108	1
5109	3
5110	1
5111	0
5112	3
5113	2
5114	3
5115	1
5116	3
5117	0
5118	1
5119	3
5120	1
5121	1
5122	1
5123	0
5124	3
5125	3
5126	1
5127	0
5128	2
5129	3
5130	0
5131	3
5132	1
5133	2
5134	0
5135	1
5136	2
5137	3
5138	0
5139	2
5140	0
5141	3
5142	3
5143	2
5144	0
5145	2
5146	0
5147	3
5148	2
5149	2
5150	2
5151	0
5152	0
5153	0
5154	3
5155	3
5156	1
5157	0
5158	0
5159	2
5160	2
5161	0
5162	0
5163	2
5164	2
5165	1
5166	2
5167	0
5168	0
5169	3
5170	1
5171	2
5172	1
5173	1
5174	3
5175	3
5176	1
5177	1
5178	2
5179	2
5180	0
5181	2
5182	3
5183	2
5184	1
5185	3
5186	0
5187	0
5188	3
5189	1
5190	1
5191	0
5192	0
5193	2
5194	1
5195	3
5196	0
5197	3
5198	1
5199	2
5200	3
5201	1
5202	3
5203	2
5204	2
5205	0
5206	2
5207	1
5208	0
5209	0
5210	2
5211	2
5212	2
5213	1
5214	3
5215	2
5216	2
5217	2
5218	3
5219	3
5220	0
5221	1
5222	2
5223	2
5224	1
5225	3
5226	3
5227	0
5228	2
5229	0
5230	3
5231	1
5232	1
5233	0
5234	2
5235	0
5236	2
5237	1
5238	2
5239	0
5240	0
5241	1
5242	2
5243	1
5244	1
5245	1
5246	1
5247	1
5248	0
5249	0
5250	1
5251	3
5252	2
5253	2
5254	1
5255	2
5256	3
5257	2
5258	0
5259	1
5260	3
5261	1
5262	3
5263	1
5264	2
5265	3
5266	1
5267	0
5268	3
5269	3
5270	1
5271	1
5272	3
5273	0
5274	3
5275	2
5276	1
5277	0
5278	0
5279	0
5280	0
5281	0
5282	0
5283	1
5284	2
5285	0
5286	3
5287	0
5288	0
5289	0
5290	0
5291	1
5292	2
5293	3
5294	2
5295	3
5296	0
5297	2
5298	1
5299	0
5300	0
5301	3
5302	2
5303	2
5304	2
5305	2
5306	3
5307	3
5308	2
5309	3
5310	1
5311	0
5312	0
5313	1
5314	2
5315	2
5316	1
5317	0
5318	3
5319	3
5320	0
5321	3
5322	0
5323	2
5324	3
5325	2
5326	2
5327	3
5328	3
5329	1
5330	2
5331	2
5332	0
5333	0
5334	1
5335	3
5336	0
5337	0
5338	2
5339	3
5340	3
5341	2
5342	0
5343	2
5344	2
5345	1
5346	0
5347	1
5348	2
5349	2
5350	0
5351	1
5352	2
5353	1
5354	1
5355	2
5356	1
5357	0
5358	2
5359	3
5360	1
5361	0
5362	1
5363	2
5364	0
5365	0
5366	1
5367	1
5368	3
5369	3
5370	0
5371	0
5372	1
5373	2
5374	0
5375	2
5376	0
5377	0
5378	3
5379	3
5380	2
5381	3
5382	0
5383	3
5384	0
5385	2
5386	0
5387	0
5388	2
5389	3
5390	0
5391	1
5392	1
5393	3
5394	2
5395	0
5396	0
5397	1
5398	2
5399	0
5400	3
5401	1
5402	3
5403	2
5404	1
5405	0
5406	3
5407	0
5408	2
5409	2
5410	1
5411	3
5412	1
5413	1
5414	0
5415	0
5416	1
5417	2
5418	2
5419	0
5420	3
5421	2
5422	0
5423	0
5424	1
5425	0
5426	2
5427	0
5428	3
5429	1
5430	0
5431	0
5432	0
5433	0
5434	2
5435	2
5436	0
5437	3
5438	1
5439	0
5440	2
5441	3
5442	3
5443	3
5444	2
5445	1
5446	1
5447	1
5448	2
5449	3
5450	1
5451	3
5452	0
5453	1
5454	3
5455	1
5456	0
5457	3
5458	0
5459	0
5460	1
5461	2
5462	1
5463	0
5464	3
5465	3
5466	1
5467	3
5468	0
5469	2
5470	3
5471	1
5472	1
5473	1
5474	3
5475	2
5476	0
5477	2
5478	2
5479	0
5480	0
5481	0
5482	1
5483	2
5484	0
5485	3
5486	0
5487	2
5488	2
5489	0
5490	3
5491	2
5492	2
5493	0
5494	3
5495	2
5496	2
5497	0
5498	3
5499	0
5500	3
5501	1
5502	0
5503	2
5504	1
5505	1
5506	0
5507	0
5508	1
5509	3
5510	2
5511	1
5512	2
5513	2
5514	0
5515	0
5516	0
5517	0
5518	3
5519	2
5520	3
5521	1
5522	1
5523	1
5524	1
5525	3
5526	1
5527	2
5528	2
5529	1
5530	3
5531	3
5532	3
5533	3
5534	1
5535	3
5536	0
5537	2
5538	3
5539	3
5540	0
5541	1
5542	0
5543	1
5544	2
5545	0
5546	2
5547	3
5548	2
5549	0
5550	3
5551	0
5552	0
5553	0
5554	0
5555	2
5556	1
5557	2
5558	0
5559	1
5560	2
5561	3
5562	1
5563	2
5564	3
5565	1
5566	3
5567	1
5568	3
5569	1
5570	2
5571	2
5572	2
5573	1
5574	3
5575	0
5576	0
5577	2
5578	3
5579	2
5580	2
5581	2
5582	3
5583	2
5584	2
5585	2
5586	0
5587	3
5588	3
5589	3
5590	3
5591	2
5592	0
5593	2
5594	0
5595	3
5596	3
5597	0
5598	2
5599	0
5600	0
5601	0
5602	0
5603	1
5604	2
5605	2
5606	0
5607	3
5608	3
5609	2
5610	3
5611	3
5612	1
5613	0
5614	2
5615	0
5616	0
5617	0
5618	2
5619	1
5620	0
5621	1
5622	0
5623	0
5624	3
5625	2
5626	3
5627	2
5628	3
5629	3
5630	1
5631	3
5632	1
5633	0
5634	1
5635	0
5636	0
5637	2
5638	0
5639	1
5640	2
5641	0
5642	1
5643	3
5644	3
5645	3
5646	1
5647	0
5648	1
5649	2
5650	0
5651	2
5652	0
5653	3
5654	3
5655	0
5656	0
5657	3
5658	2
5659	1
5660	1
5661	1
5662	3
5663	0
5664	3
5665	2
5666	2
5667	0
5668	2
5669	0
5670	3
5671	1
5672	0
5673	0
5674	3
5675	3
5676	1
5677	1
5678	2
5679	3
5680	0
5681	0
5682	1
5683	1
5684	0
5685	1
5686	1
5687	2
5688	0
5689	3
5690	3
5691	0
5692	2
5693	3
5694	3
5695	3
5696	2
5697	3
5698	2
5699	3
5700	2
5701	2
5702	1
5703	0
5704	3
5705	2
5706	2
5707	2
5708	2
5709	0
5710	3
5711	2
5712	3
5713	0
5714	3
5715	0
5716	1
5717	0
5718	2
5719	0
5720	1
5721	3
5722	3
5723	1
5724	3
5725	3
5726	1
5727	3
5728	0
5729	0
5730	0
5731	1
5732	3
5733	3
5734	0
5735	3
5736	3
5737	1
5738	0
5739	3
5740	0
5741	0
5742	3
5743	3
5744	2
5745	3
5746	1
5747	3
5748	3
5749	0
5750	1
5751	1
5752	0
5753	1
5754	0
5755	3
5756	1
5757	0
5758	1
5759	0
5760	1
5761	3
5762	0
5763	1
5764	3
5765	0
5766	0
5767	1
5768	0
5769	2
5770	3
5771	2
5772	3
5773	0
5774	1
5775	2
5776	2
5777	1
5778	2
5779	0
5780	3
5781	1
5782	0
5783	0
5784	3
5785	0
5786	2
5787	2
5788	3
5789	1
5790	0
5791	0
5792	3
5793	1
5794	3
5795	3
5796	1
5797	3
5798	0
5799	1
5800	1
5801	3
5802	3
5803	2
5804	1
5805	1
5806	1
5807	3
5808	2
5809	3
5810	2
5811	0
5812	1
5813	3
5814	3
5815	2
5816	0
5817	2
5818	3
5819	3
5820	0
5821	0
5822	2
5823	1
5824	2
5825	1
5826	3
5827	3
5828	3
5829	0
5830	2
5831	2
5832	2
5833	0
5834	1
5835	2
5836	1
5837	0
5838	3
5839	0
5840	0
5841	1
5842	3
5843	1
5844	1
5845	0
5846	0
5847	1
5848	3
5849	1
5850	0
5851	2
5852	2
5853	3
5854	0
5855	3
5856	1
5857	3
5858	3
5859	2
5860	1
5861	3
5862	3
5863	3
5864	0
5865	2
5866	0
5867	2
5868	3
5869	0
5870	2
5871	3
5872	0
5873	0
5874	2
5875	1
5876	2
5877	2
5878	0
5879	3
5880	2
5881	2
5882	1
5883	0
5884	0
5885	1
5886	0
5887	3
5888	3
5889	1
5890	2
5891	1
5892	0
5893	1
5894	3
5895	3
5896	3
5897	2
5898	3
5899	2
5900	3
5901	1
5902	1
5903	3
5904	2
5905	3
5906	2
5907	2
5908	1
5909	3
5910	1
5911	1
5912	2
5913	1
5914	3
5915	1
5916	2
5917	3
5918	2
5919	1
5920	0
5921	2
5922	0
5923	3
5924	0
5925	0
5926	0
5927	3
5928	2
5929	1
5930	2
5931	2
5932	1
5933	2
5934	0
5935	1
5936	1
5937	0
5938	3
5939	3
5940	1
5941	3
5942	0
5943	1
5944	0
5945	0
5946	1
5947	3
5948	0
5949	0
5950	2
5951	2
5952	3
5953	0
5954	2
5955	1
5956	2
5957	1
5958	2
5959	3
5960	0
5961	3
5962	1
5963	2
5964	3
5965	1
5966	0
5967	2
5968	2
5969	0
5970	0
5971	1
5972	0
5973	3
5974	2
5975	3
5976	1
5977	2
5978	3
5979	1
5980	2
5981	3
5982	2
5983	2
5984	0
5985	1
5986	2
5987	2
5988	2
5989	2
5990	3
5991	1
5992	2
5993	0
5994	2
5995	2
5996	1
5997	2
5998	2
5999	2
6000	1
6001	3
6002	0
6003	1
6004	1
6005	1
6006	1
6007	2
6008	3
6009	1
6010	0
6011	2
6012	2
6013	1
6014	3
6015	2
6016	3
6017	3
6018	2
6019	3
6020	2
6021	2
6022	2
6023	3
6024	1
6025	3
6026	2
6027	1
6028	3
6029	2
6030	1
6031	3
6032	1
6033	3
6034	0
6035	0
6036	2
6037	3
6038	3
6039	1
6040	2
6041	1
6042	1
6043	3
6044	0
6045	3
6046	2
6047	3
6048	2
6049	2
6050	0
6051	2
6052	1
6053	1
6054	2
6055	2
6056	1
6057	0
6058	2
6059	2
6060	3
6061	0
6062	1
6063	1
6064	2
6065	3
6066	0
6067	3
6068	3
6069	1
6070	0
6071	3
6072	3
6073	3
6074	1
6075	3
6076	3
6077	2
6078	0
6079	3
6080	3
6081	2
6082	1
6083	3
6084	3
6085	3
6086	3
6087	3
6088	0
6089	2
6090	0
6091	0
6092	1
6093	0
6094	3
6095	1
6096	2
6097	1
6098	3
6099	1
6100	1
6101	0
6102	2
6103	3
6104	1
6105	2
6106	2
6107	2
6108	0
6109	3
6110	1
6111	3
6112	1
6113	1
6114	1
6115	1
6116	2
6117	3
6118	3
6119	1
6120	3
6121	0
6122	1
6123	2
6124	1
6125	1
6126	3
6127	0
6128	0
6129	1
6130	0
6131	0
6132	3
6133	1
6134	1
6135	2
6136	1
6137	0
6138	0
6139	1
6140	3
6141	1
6142	0
6143	1
6144	2
6145	1
6146	3
6147	2
6148	2
6149	0
6150	3
6151	2
6152	0
6153	1
6154	1
6155	0
6156	2
6157	1
6158	1
6159	1
6160	1
6161	1
6162	3
6163	3
6164	2
6165	2
6166	3
6167	0
6168	1
6169	1
6170	2
6171	2
6172	2
6173	2
6174	0
6175	1
6176	1
6177	0
6178	1
6179	0
6180	3
6181	3
6182	3
6183	0
6184	3
6185	2
6186	2
6187	2
6188	3
6189	2
6190	3
6191	2
6192	2
6193	0
6194	2
6195	2
6196	2
6197	1
6198	2
6199	1
6200	2
6201	2
6202	2
6203	0
6204	2
6205	3
6206	0
6207	1
6208	3
6209	2
6210	0
6211	2
6212	2
6213	2
6214	0
6215	3
6216	2
6217	3
6218	3
6219	0
6220	2
6221	0
6222	0
6223	1
6224	0
6225	1
6226	0
6227	3
6228	0
6229	2
6230	2
6231	1
6232	0
6233	0
6234	3
6235	3
6236	2
6237	1
6238	0
6239	2
6240	2
6241	0
6242	0
6243	1
6244	1
6245	0
6246	3
6247	2
6248	0
6249	2
6250	3
6251	2
6252	2
6253	2
6254	2
6255	2
6256	0
6257	0
6258	1
6259	1
6260	2
6261	2
6262	3
6263	2
6264	2
6265	1
6266	2
6267	2
6268	1
6269	1
6270	1
6271	3
6272	0
6273	0
6274	3
6275	2
6276	3
6277	3
6278	1
6279	0
6280	1
6281	2
6282	3
6283	1
6284	0
6285	0
6286	2
6287	3
6288	1
6289	0
6290	3
6291	1
6292	2
6293	1
6294	1
6295	2
6296	0
6297	3
6298	0
6299	1
6300	1
6301	3
6302	2
6303	3
6304	1
6305	2
6306	2
6307	0
6308	0
6309	2
6310	2
6311	3
6312	2
6313	2
6314	2
6315	3
6316	2
6317	0
6318	1
6319	0
6320	2
6321	0
6322	2
6323	3
6324	2
6325	1
6326	0
6327	1
6328	0
6329	3
6330	3
6331	1
6332	3
6333	3
6334	1
6335	3
6336	0
6337	2
6338	2
6339	2
6340	1
6341	1
6342	3
6343	2
6344	3
6345	0
6346	1
6347	0
6348	2
6349	0
6350	2
6351	0
6352	0
6353	2
6354	3
6355	0
6356	3
6357	3
6358	1
6359	3
6360	0
6361	0
6362	0
6363	0
6364	1
6365	1
6366	1
6367	0
6368	2
6369	0
6370	1
6371	2
6372	2
6373	3
6374	1
6375	2
6376	3
6377	0
6378	3
6379	1
6380	0
6381	2
6382	3
6383	2
6384	2
6385	1
6386	1
6387	0
6388	1
6389	1
6390	0
6391	3
6392	2
6393	0
6394	3
6395	0
6396	2
6397	2
6398	3
6399	3
6400	2
6401	3
6402	3
6403	2
6404	1
6405	3
6406	3
6407	1
6408	3
6409	0
6410	3
6411	2
6412	1
6413	2
6414	2
6415	1
6416	3
6417	3
6418	1
6419	0
6420	2
6421	3
6422	2
6423	3
6424	3
6425	2
6426	2
6427	3
6428	1
6429	1
6430	3
6431	2
6432	2
6433	1
6434	0
6435	2
6436	2
6437	0
6438	1
6439	2
6440	2
6441	3
6442	0
6443	0
6444	1
6445	2
6446	1
6447	1
6448	2
6449	2
6450	0
6451	0
6452	0
6453	1
6454	3
6455	3
6456	2
6457	3
6458	2
6459	3
6460	3
6461	0
6462	3
6463	3
6464	3
6465	1
6466	2
6467	2
6468	2
6469	2
6470	2
6471	0
6472	0
6473	0
6474	1
6475	0
6476	0
6477	0
6478	0
6479	0
6480	1
6481	2
6482	3
6483	0
6484	3
6485	3
6486	3
6487	1
6488	3
6489	3
6490	1
6491	1
6492	2
6493	0
6494	2
6495	1
6496	0
6497	1
6498	0
6499	1
6500	3
6501	0
6502	3
6503	1
6504	1
6505	2
6506	2
6507	1
6508	3
6509	0
6510	2
6511	2
6512	2
6513	2
6514	3
6515	1
6516	0
6517	3
6518	3
6519	3
6520	2
6521	0
6522	0
6523	2
6524	2
6525	0
6526	1
6527	2
6528	2
6529	1
6530	1
6531	2
6532	0
6533	3
6534	0
6535	2
6536	1
6537	2
6538	1
6539	0
6540	2
6541	1
6542	1
6543	2
6544	3
6545	2
6546	1
6547	2
6548	1
6549	0
6550	3
6551	3
6552	3
6553	2
6554	3
6555	1
6556	2
6557	0
6558	1
6559	1
6560	0
6561	0
6562	3
6563	3
6564	1
6565	3
6566	0
6567	1
6568	0
6569	0
6570	2
6571	0
6572	2
6573	0
6574	1
6575	2
6576	1
6577	0
6578	2
6579	1
6580	1
6581	0
6582	0
6583	2
6584	0
6585	3
6586	0
6587	1
6588	0
6589	2
6590	0
6591	3
6592	0
6593	2
6594	1
6595	3
6596	1
6597	3
6598	2
6599	2
6600	0
6601	0
6602	2
6603	0
6604	1
6605	2
6606	3
6607	0
6608	0
6609	1
6610	1
6611	0
6612	2
6613	3
6614	0
6615	2
6616	3
6617	2
6618	1
6619	1
6620	2
6621	3
6622	1
6623	1
6624	0
6625	1
6626	1
6627	3
6628	2
6629	0
6630	2
6631	0
6632	3
6633	1
6634	0
6635	3
6636	2
6637	3
6638	3
6639	0
6640	1
6641	3
6642	3
6643	2
6644	0
6645	3
6646	2
6647	0
6648	0
6649	1
6650	2
6651	1
6652	0
6653	3
6654	1
6655	3
6656	2
6657	2
6658	3
6659	3
6660	2
6661	0
6662	2
6663	0
6664	3
6665	2
6666	0
6667	0
6668	0
6669	0
6670	0
6671	0
6672	3
6673	0
6674	2
6675	1
6676	3
6677	2
6678	0
6679	0
6680	1
6681	0
6682	3
6683	2
6684	1
6685	1
6686	3
6687	3
6688	1
6689	1
6690	0
6691	2
6692	1
6693	3
6694	3
6695	3
6696	1
6697	2
6698	2
6699	1
6700	3
6701	2
6702	2
6703	2
6704	1
6705	1
6706	0
6707	0
6708	3
6709	2
6710	0
6711	0
6712	1
6713	2
6714	2
6715	2
6716	1
6717	0
6718	0
6719	0
6720	2
6721	0
6722	1
6723	0
6724	2
6725	0
6726	0
6727	1
6728	1
6729	1
6730	2
6731	3
6732	2
6733	3
6734	0
6735	3
6736	3
6737	1
6738	0
6739	3
6740	0
6741	1
6742	0
6743	1
6744	0
6745	1
6746	1
6747	3
6748	1
6749	1
6750	3
6751	3
6752	0
6753	2
6754	2
6755	2
6756	1
6757	2
6758	2
6759	3
6760	3
6761	0
6762	0
6763	2
6764	0
6765	3
6766	0
6767	2
6768	3
6769	3
6770	0
6771	1
6772	3
6773	1
6774	1
6775	3
6776	1
6777	0
6778	3
6779	2
6780	1
6781	0
6782	2
6783	0
6784	3
6785	1
6786	2
6787	0
6788	3
6789	3
6790	0
6791	1
6792	0
6793	3
6794	0
6795	3
6796	2
6797	1
6798	1
6799	2
6800	1
6801	1
6802	3
6803	2
6804	0
6805	0
6806	0
6807	3
6808	1
6809	0
6810	0
6811	3
6812	1
6813	1
6814	2
6815	0
6816	0
6817	2
6818	0
6819	3
6820	0
6821	2
6822	2
6823	0
6824	3
6825	2
6826	1
6827	3
6828	3
6829	1
6830	3
6831	0
6832	0
6833	1
6834	0
6835	0
6836	2
6837	3
6838	1
6839	2
6840	3
6841	3
6842	0
6843	2
6844	3
6845	2
6846	0
6847	0
6848	2
6849	3
6850	1
6851	3
6852	1
6853	3
6854	3
6855	1
6856	1
6857	1
6858	3
6859	2
6860	1
6861	1
6862	3
6863	3
6864	0
6865	2
6866	0
6867	3
6868	2
6869	1
6870	1
6871	0
6872	2
6873	1
6874	0
6875	3
6876	0
6877	2
6878	0
6879	3
6880	2
6881	3
6882	0
6883	2
6884	1
6885	2
6886	3
6887	0
6888	2
6889	2
6890	3
6891	3
6892	0
6893	1
6894	3
6895	3
6896	1
6897	3
6898	3
6899	0
6900	3
6901	1
6902	0
6903	2
6904	0
6905	2
6906	3
6907	3
6908	1
6909	0
6910	1
6911	1
6912	0
6913	0
6914	0
6915	3
6916	0
6917	3
6918	2
6919	2
6920	1
6921	1
6922	2
6923	1
6924	1
6925	1
6926	3
6927	3
6928	1
6929	0
6930	2
6931	0
6932	0
6933	2
6934	3
6935	3
6936	2
6937	3
6938	2
6939	1
6940	3
6941	2
6942	0
6943	3
6944	1
6945	0
6946	0
6947	2
6948	3
6949	1
6950	3
6951	3
6952	2
6953	3
6954	1
6955	2
6956	0
6957	0
6958	0
6959	1
6960	3
6961	0
6962	0
6963	2
6964	0
6965	0
6966	3
6967	1
6968	1
6969	3
6970	2
6971	2
6972	1
6973	3
6974	3
6975	2
6976	3
6977	3
6978	2
6979	3
6980	0
6981	0
6982	1
6983	3
6984	3
6985	0
6986	1
6987	1
6988	3
6989	0
6990	2
6991	2
6992	2
6993	1
6994	2
6995	1
6996	1
6997	1
6998	1
6999	0
7000	1
7001	0
7002	3
7003	0
7004	1
7005	0
7006	3
7007	2
7008	0
7009	2
7010	3
7011	3
7012	3
7013	2
7014	1
7015	3
7016	0
7017	0
7018	2
7019	0
7020	0
7021	1
7022	0
7023	1
7024	3
7025	0
7026	3
7027	2
7028	1
7029	3
7030	3
7031	1
7032	0
7033	3
7034	3
7035	3
7036	0
7037	1
7038	3
7039	1
7040	2
7041	3
7042	0
7043	1
7044	0
7045	1
7046	2
7047	0
7048	2
7049	2
7050	0
7051	3
7052	2
7053	1
7054	1
7055	0
7056	1
7057	3
7058	0
7059	3
7060	3
7061	3
7062	2
7063	3
7064	2
7065	1
7066	3
7067	2
7068	3
7069	0
7070	0
7071	2
7072	0
7073	0
7074	2
7075	2
7076	1
7077	1
7078	0
7079	3
7080	2
7081	3
7082	0
7083	3
7084	3
7085	0
7086	3
7087	0
7088	2
7089	3
7090	2
7091	0
7092	3
7093	3
7094	1
7095	1
7096	2
7097	1
7098	3
7099	0
7100	3
7101	0
7102	2
7103	1
7104	0
7105	0
7106	3
7107	0
7108	0
7109	2
7110	1
7111	3
7112	2
7113	3
7114	2
7115	0
7116	1
7117	2
7118	1
7119	1
7120	3
7121	2
7122	3
7123	1
7124	2
7125	1
7126	2
7127	2
7128	3
7129	0
7130	2
7131	3
7132	2
7133	3
7134	3
7135	2
7136	2
7137	1
7138	0
7139	1
7140	3
7141	0
7142	1
7143	0
7144	1
7145	3
7146	0
7147	1
7148	2
7149	0
7150	3
7151	0
7152	3
7153	1
7154	2
7155	2
7156	1
7157	3
7158	1
7159	1
7160	3
7161	1
7162	1
7163	2
7164	1
7165	0
7166	1
7167	3
7168	1
7169	3
7170	0
7171	2
7172	1
7173	2
7174	2
7175	2
7176	3
7177	0
7178	1
7179	2
7180	3
7181	1
7182	3
7183	3
7184	2
7185	1
7186	0
7187	1
7188	0
7189	1
7190	3
7191	3
7192	2
7193	0
7194	2
7195	2
7196	3
7197	0
7198	3
7199	2
7200	0
7201	1
7202	1
7203	0
7204	0
7205	0
7206	1
7207	1
7208	2
7209	0
7210	1
7211	3
7212	3
7213	0
7214	0
7215	2
7216	0
7217	0
7218	2
7219	3
7220	0
7221	2
7222	0
7223	0
7224	2
7225	0
7226	1
7227	1
7228	1
7229	2
7230	3
7231	0
7232	1
7233	1
7234	1
7235	3
7236	2
7237	3
7238	1
7239	1
7240	2
7241	1
7242	0
7243	2
7244	3
7245	3
7246	1
7247	3
7248	2
7249	3
7250	1
7251	2
7252	3
7253	0
7254	0
7255	1
7256	3
7257	1
7258	2
7259	2
7260	1
7261	2
7262	3
7263	1
7264	0
7265	1
7266	3
7267	3
7268	3
7269	1
7270	0
7271	1
7272	0
7273	3
7274	0
7275	1
7276	1
7277	0
7278	3
7279	2
7280	0
7281	1
7282	3
7283	1
7284	3
7285	3
7286	3
7287	0
7288	2
7289	3
7290	2
7291	3
7292	3
7293	0
7294	3
7295	2
7296	1
7297	3
7298	0
7299	0
7300	0
7301	0
7302	2
7303	2
7304	0
7305	0
7306	0
7307	2
7308	2
7309	1
7310	0
7311	1
7312	0
7313	3
7314	3
7315	2
7316	0
7317	0
7318	3
7319	3
7320	3
7321	2
7322	2
7323	2
7324	2
7325	1
7326	2
7327	3
7328	2
7329	0
7330	0
7331	3
7332	0
7333	0
7334	3
7335	2
7336	2
7337	0
7338	1
7339	3
7340	1
7341	2
7342	1
7343	1
7344	2
7345	3
7346	0
7347	3
7348	2
7349	0
7350	0
7351	0
7352	3
7353	3
7354	1
7355	3
7356	3
7357	3
7358	0
7359	1
7360	2
7361	0
7362	0
7363	1
7364	0
7365	2
7366	2
7367	0
7368	1
7369	3
7370	0
7371	1
7372	2
7373	0
7374	3
7375	3
7376	0
7377	2
7378	3
7379	3
7380	0
7381	0
7382	2
7383	3
7384	0
7385	2
7386	2
7387	3
7388	1
7389	0
7390	3
7391	1
7392	2
7393	3
7394	0
7395	0
7396	2
7397	3
7398	0
7399	3
7400	1
7401	2
7402	2
7403	1
7404	2
7405	3
7406	2
7407	3
7408	3
7409	0
7410	3
7411	2
7412	1
7413	2
7414	2
7415	2
7416	0
7417	3
7418	1
7419	3
7420	2
7421	0
7422	2
7423	0
7424	3
7425	3
7426	0
7427	0
7428	0
7429	1
7430	0
7431	2
7432	3
7433	0
7434	1
7435	0
7436	1
7437	1
7438	0
7439	2
7440	0
7441	2
7442	1
7443	0
7444	3
7445	2
7446	0
7447	3
7448	0
7449	2
7450	1
7451	1
7452	1
7453	1
7454	0
7455	0
7456	2
7457	2
7458	1
7459	3
7460	2
7461	0
7462	2
7463	0
7464	2
7465	1
7466	0
7467	2
7468	1
7469	0
7470	2
7471	3
7472	1
7473	1
7474	2
7475	2
7476	2
7477	1
7478	2
7479	0
7480	2
7481	3
7482	2
7483	1
7484	1
7485	0
7486	3
7487	2
7488	3
7489	0
7490	3
7491	3
7492	0
7493	1
7494	1
7495	3
7496	2
7497	3
7498	1
7499	3
7500	0
7501	3
7502	0
7503	1
7504	1
7505	2
7506	2
7507	2
7508	1
7509	3
7510	3
7511	1
7512	2
7513	0
7514	2
7515	2
7516	1
7517	2
7518	3
7519	2
7520	2
7521	1
7522	1
7523	2
7524	2
7525	3
7526	0
7527	2
7528	1
7529	0
7530	1
7531	0
7532	2
7533	1
7534	3
7535	0
7536	0
7537	1
7538	2
7539	2
7540	3
7541	1
7542	2
7543	0
7544	3
7545	2
7546	0
7547	3
7548	2
7549	2
7550	0
7551	0
7552	3
7553	2
7554	3
7555	2
7556	0
7557	0
7558	1
7559	1
7560	2
7561	2
7562	3
7563	0
7564	2
7565	3
7566	0
7567	3
7568	3
7569	2
7570	0
7571	2
7572	1
7573	2
7574	0
7575	1
7576	1
7577	1
7578	1
7579	3
7580	0
7581	3
7582	0
7583	1
7584	0
7585	2
7586	1
7587	2
7588	3
7589	3
7590	0
7591	0
7592	3
7593	2
7594	2
7595	0
7596	1
7597	2
7598	3
7599	3
7600	0
7601	3
7602	1
7603	3
7604	0
7605	0
7606	2
7607	0
7608	1
7609	3
7610	2
7611	3
7612	3
7613	3
7614	0
7615	3
7616	3
7617	3
7618	3
7619	0
7620	2
7621	3
7622	0
7623	0
7624	1
7625	0
7626	0
7627	0
7628	0
7629	3
7630	2
7631	0
7632	1
7633	3
7634	1
7635	2
7636	1
7637	2
7638	2
7639	2
7640	1
7641	2
7642	1
7643	3
7644	0
7645	2
7646	1
7647	2
7648	1
7649	3
7650	1
7651	2
7652	1
7653	3
7654	0
7655	3
7656	2
7657	2
7658	3
7659	2
7660	1
7661	3
7662	1
7663	3
7664	2
7665	2
7666	1
7667	1
7668	0
7669	2
7670	0
7671	1
7672	2
7673	1
7674	2
7675	3
7676	0
7677	1
7678	3
7679	0
7680	1
7681	0
7682	1
7683	0
7684	3
7685	1
7686	0
7687	2
7688	0
7689	2
7690	0
7691	2
7692	0
7693	0
7694	1
7695	2
7696	2
7697	2
7698	2
7699	0
7700	3
7701	2
7702	3
7703	0
7704	2
7705	1
7706	1
7707	2
7708	3
7709	3
7710	3
7711	3
7712	0
7713	3
7714	2
7715	0
7716	1
7717	2
7718	0
7719	3
7720	1
7721	3
7722	3
7723	3
7724	3
7725	2
7726	3
7727	3
7728	2
7729	1
7730	2
7731	2
7732	3
7733	3
7734	3
7735	1
7736	3
7737	3
7738	1
7739	0
7740	2
7741	1
7742	1
7743	2
7744	1
7745	2
7746	1
7747	2
7748	2
7749	3
7750	3
7751	1
7752	3
7753	1
7754	3
7755	3
7756	2
7757	1
7758	2
7759	1
7760	1
7761	3
7762	3
7763	1
7764	2
7765	2
7766	3
7767	1
7768	3
7769	0
7770	0
7771	1
7772	0
7773	0
7774	2
7775	3
7776	2
7777	3
7778	1
7779	3
7780	3
7781	2
7782	1
7783	1
7784	1
7785	0
7786	1
7787	3
7788	3
7789	0
7790	1
7791	3
7792	3
7793	3
7794	0
7795	2
7796	3
7797	1
7798	1
7799	3
7800	1
7801	3
7802	2
7803	2
7804	1
7805	3
7806	3
7807	3
7808	0
7809	0
7810	2
7811	0
7812	3
7813	1
7814	2
7815	0
7816	1
7817	3
7818	1
7819	2
7820	3
7821	2
7822	0
7823	3
7824	1
7825	2
7826	2
7827	2
7828	3
7829	0
7830	0
7831	0
7832	0
7833	2
7834	2
7835	2
7836	2
7837	1
7838	0
7839	3
7840	0
7841	3
7842	3
7843	1
7844	1
7845	0
7846	1
7847	0
7848	1
7849	0
7850	3
7851	2
7852	3
7853	0
7854	3
7855	2
7856	2
7857	0
7858	2
7859	1
7860	2
7861	0
7862	3
7863	2
7864	1
7865	1
7866	3
7867	0
7868	2
7869	2
7870	0
7871	1
7872	0
7873	2
7874	3
7875	1
7876	1
7877	0
7878	1
7879	2
7880	0
7881	0
7882	2
7883	2
7884	3
7885	2
7886	2
7887	3
7888	2
7889	0
7890	2
7891	3
7892	2
7893	2
7894	2
7895	0
7896	0
7897	1
7898	3
7899	2
7900	2
7901	2
7902	2
7903	0
7904	0
7905	3
7906	3
7907	0
7908	1
7909	1
7910	1
7911	2
7912	0
7913	0
7914	2
7915	0
7916	0
7917	0
7918	1
7919	1
7920	2
7921	0
7922	2
7923	2
7924	0
7925	2
7926	3
7927	1
7928	2
7929	1
7930	3
7931	3
7932	3
7933	0
7934	3
7935	0
7936	0
7937	3
7938	3
7939	2
7940	0
7941	0
7942	1
7943	0
7944	2
7945	3
7946	2
7947	0
7948	0
7949	3
7950	3
7951	3
7952	0
7953	2
7954	1
7955	2
7956	3
7957	3
7958	0
7959	0
7960	2
7961	1
7962	3
7963	3
7964	1
7965	0
7966	2
7967	1
7968	3
7969	3
7970	2
7971	1
7972	1
7973	1
7974	1
7975	3
7976	3
7977	3
7978	2
7979	0
7980	1
7981	3
7982	3
7983	2
7984	1
7985	2
7986	1
7987	0
7988	1
7989	0
7990	3
7991	2
7992	2
7993	2
7994	2
7995	0
7996	0
7997	3
7998	1
7999	2
8000	2
8001	0
8002	2
8003	0
8004	2
8005	2
8006	2
8007	2
8008	2
8009	2
8010	3
8011	2
8012	0
8013	2
8014	0
8015	1
8016	2
8017	0
8018	3
8019	1
8020	0
8021	2
8022	3
8023	0
8024	0
8025	3
8026	1
8027	0
8028	0
8029	1
8030	2
8031	0
8032	3
8033	0
8034	0
8035	0
8036	3
8037	0
8038	1
8039	1
8040	3
8041	2
8042	0
8043	1
8044	2
8045	0
8046	3
8047	2
8048	3
8049	0
8050	0
8051	3
8052	2
8053	1
8054	1
8055	0
8056	3
8057	1
8058	1
8059	2
8060	0
8061	3
8062	3
8063	0
8064	2
8065	3
8066	2
8067	2
8068	0
8069	0
8070	3
8071	2
8072	0
8073	0
8074	1
8075	2
8076	1
8077	0
8078	0
8079	0
8080	0
8081	0
8082	1
8083	0
8084	3
8085	1
8086	0
8087	2
8088	1
8089	0
8090	3
8091	2
8092	3
8093	2
8094	3
8095	2
8096	2
8097	1
8098	1
8099	0
8100	2
8101	0
8102	2
8103	0
8104	1
8105	0
8106	2
8107	2
8108	3
8109	1
8110	2
8111	1
8112	2
8113	2
8114	2
8115	3
8116	3
8117	1
8118	3
8119	3
8120	3
8121	0
8122	1
8123	0
8124	0
8125	2
8126	0
8127	1
8128	0
8129	3
8130	2
8131	2
8132	2
8133	0
8134	1
8135	0
8136	0
8137	2
8138	0
8139	3
8140	0
8141	1
8142	2
8143	0
8144	1
8145	3
8146	2
8147	3
8148	3
8149	0
8150	3
8151	3
8152	2
8153	0
8154	0
8155	0
8156	3
8157	0
8158	0
8159	2
8160	3
8161	3
8162	0
8163	0
8164	3
8165	0
8166	2
8167	0
8168	1
8169	1
8170	2
8171	2
8172	3
8173	3
8174	2
8175	3
8176	0
8177	0
8178	0
8179	0
8180	3
8181	0
8182	0
8183	3
8184	3
8185	2
8186	1
8187	0
8188	3
8189	1
8190	0
8191	1
8192	2
8193	3
8194	0
8195	2
8196	2
8197	0
8198	2
8199	2
8200	2
8201	1
8202	1
8203	3
8204	1
8205	1
8206	0
8207	0
8208	1
8209	0
8210	1
8211	3
8212	0
8213	1
8214	1
8215	0
8216	3
8217	1
8218	1
8219	0
8220	1
8221	0
8222	3
8223	2
8224	1
8225	2
8226	1
8227	1
8228	2
8229	1
8230	1
8231	1
8232	1
8233	1
8234	3
8235	3
8236	2
8237	1
8238	0
8239	1
8240	1
8241	2
8242	3
8243	1
8244	0
8245	1
8246	1
8247	0
8248	2
8249	2
8250	0
8251	3
8252	2
8253	0
8254	1
8255	0
8256	3
8257	1
8258	0
8259	1
8260	1
8261	2
8262	2
8263	3
8264	1
8265	3
8266	0
8267	3
8268	0
8269	3
8270	1
8271	2
8272	0
8273	2
8274	2
8275	3
8276	2
8277	3
8278	3
8279	1
8280	1
8281	2
8282	3
8283	2
8284	0
8285	1
8286	1
8287	0
8288	2
8289	1
8290	0
8291	3
8292	1
8293	2
8294	3
8295	3
8296	1
8297	1
8298	1
8299	1
8300	0
8301	0
8302	0
8303	0
8304	0
8305	2
8306	1
8307	3
8308	0
8309	0
8310	3
8311	0
8312	0
8313	1
8314	3
8315	1
8316	1
8317	2
8318	2
8319	2
8320	1
8321	2
8322	0
8323	1
8324	3
8325	0
8326	2
8327	1
8328	3
8329	0
8330	2
8331	3
8332	0
8333	0
8334	3
8335	3
8336	2
8337	3
8338	1
8339	2
8340	0
8341	1
8342	2
8343	3
8344	2
8345	0
8346	2
8347	1
8348	3
8349	0
8350	2
8351	3
8352	2
8353	0
8354	3
8355	2
8356	2
8357	1
8358	0
8359	1
8360	2
8361	3
8362	3
8363	3
8364	0
8365	1
8366	3
8367	0
8368	0
8369	0
8370	3
8371	1
8372	0
8373	0
8374	0
8375	0
8376	0
8377	1
8378	3
8379	1
8380	3
8381	2
8382	1
8383	0
8384	3
8385	0
8386	2
8387	2
8388	3
8389	0
8390	1
8391	3
8392	0
8393	1
8394	0
8395	2
8396	0
8397	2
8398	3
8399	0
8400	0
8401	2
8402	3
8403	1
8404	3
8405	0
8406	0
8407	2
8408	1
8409	3
8410	0
8411	1
8412	3
8413	0
8414	3
8415	3
8416	1
8417	0
8418	2
8419	2
8420	1
8421	0
8422	1
8423	3
8424	0
8425	3
8426	1
8427	0
8428	2
8429	2
8430	1
8431	2
8432	3
8433	3
8434	1
8435	1
8436	2
8437	1
8438	0
8439	2
8440	3
8441	0
8442	3
8443	3
8444	3
8445	0
8446	0
8447	0
8448	0
8449	2
8450	3
8451	2
8452	1
8453	2
8454	3
8455	1
8456	3
8457	0
8458	2
8459	1
8460	3
8461	0
8462	0
8463	3
8464	2
8465	2
8466	2
8467	0
8468	1
8469	3
8470	1
8471	3
8472	0
8473	3
8474	0
8475	3
8476	1
8477	2
8478	2
8479	1
8480	1
8481	3
8482	2
8483	2
8484	3
8485	0
8486	0
8487	3
8488	0
8489	1
8490	3
8491	2
8492	0
8493	0
8494	2
8495	1
8496	1
8497	2
8498	1
8499	2
8500	2
8501	0
8502	2
8503	3
8504	3
8505	0
8506	0
8507	0
8508	0
8509	1
8510	3
8511	2
8512	1
8513	2
8514	3
8515	3
8516	3
8517	2
8518	1
8519	1
8520	3
8521	3
8522	0
8523	2
8524	1
8525	1
8526	2
8527	3
8528	2
8529	3
8530	3
8531	0
8532	1
8533	0
8534	0
8535	2
8536	2
8537	2
8538	3
8539	2
8540	2
8541	3
8542	0
8543	0
8544	2
8545	0
8546	2
8547	2
8548	3
8549	3
8550	1
8551	3
8552	1
8553	3
8554	2
8555	0
8556	1
8557	1
8558	3
8559	0
8560	0
8561	0
8562	0
8563	2
8564	3
8565	2
8566	0
8567	2
8568	0
8569	3
8570	1
8571	0
8572	1
8573	1
8574	1
8575	3
8576	2
8577	1
8578	1
8579	0
8580	2
8581	0
8582	3
8583	0
8584	1
8585	3
8586	1
8587	0
8588	0
8589	0
8590	0
8591	2
8592	0
8593	2
8594	2
8595	3
8596	2
8597	1
8598	0
8599	0
8600	3
8601	2
8602	3
8603	0
8604	2
8605	3
8606	0
8607	0
8608	0
8609	1
8610	3
8611	0
8612	2
8613	1
8614	0
8615	3
8616	1
8617	1
8618	0
8619	3
8620	1
8621	1
8622	1
8623	1
8624	3
8625	3
8626	0
8627	2
8628	1
8629	2
8630	2
8631	3
8632	2
8633	1
8634	0
8635	3
8636	1
8637	0
8638	0
8639	2
8640	0
8641	1
8642	0
8643	2
8644	3
8645	2
8646	1
8647	2
8648	2
8649	0
8650	3
8651	0
8652	1
8653	0
8654	2
8655	2
8656	1
8657	2
8658	0
8659	2
8660	0
8661	1
8662	1
8663	1
8664	0
8665	3
8666	2
8667	2
8668	1
8669	0
8670	0
8671	0
8672	2
8673	3
8674	2
8675	0
8676	2
8677	3
8678	2
8679	2
8680	1
8681	3
8682	3
8683	0
8684	1
8685	1
8686	0
8687	0
8688	0
8689	2
8690	3
8691	0
8692	0
8693	2
8694	0
8695	3
8696	3
8697	3
8698	1
8699	2
8700	3
8701	0
8702	0
8703	3
8704	0
8705	0
8706	0
8707	0
8708	3
8709	1
8710	3
8711	0
8712	2
8713	1
8714	0
8715	0
8716	3
8717	2
8718	3
8719	1
8720	0
8721	2
8722	1
8723	1
8724	0
8725	2
8726	1
8727	3
8728	3
8729	1
8730	2
8731	3
8732	1
8733	2
8734	3
8735	3
8736	2
8737	1
8738	3
8739	3
8740	0
8741	3
8742	1
8743	3
8744	3
8745	0
8746	3
8747	2
8748	0
8749	0
8750	0
8751	3
8752	1
8753	3
8754	0
8755	2
8756	1
8757	2
8758	1
8759	1
8760	1
8761	0
8762	2
8763	1
8764	0
8765	3
8766	0
8767	2
8768	1
8769	1
8770	0
8771	1
8772	1
8773	2
8774	3
8775	2
8776	1
8777	3
8778	3
8779	2
8780	3
8781	0
8782	0
8783	2
8784	2
8785	2
8786	0
8787	1
8788	1
8789	0
8790	2
8791	3
8792	3
8793	0
8794	0
8795	2
8796	3
8797	3
8798	3
8799	0
8800	2
8801	3
8802	3
8803	1
8804	3
8805	3
8806	2
8807	2
8808	3
8809	0
8810	3
8811	2
8812	2
8813	2
8814	0
8815	3
8816	1
8817	0
8818	1
8819	2
8820	3
8821	2
8822	0
8823	1
8824	0
8825	3
8826	0
8827	2
8828	1
8829	0
8830	3
8831	3
8832	3
8833	1
8834	2
8835	3
8836	1
8837	1
8838	0
8839	1
8840	3
8841	3
8842	1
8843	0
8844	1
8845	3
8846	3
8847	2
8848	3
8849	0
8850	2
8851	0
8852	3
8853	3
8854	3
8855	1
8856	1
8857	3
8858	2
8859	3
8860	3
8861	0
8862	0
8863	0
8864	0
8865	3
8866	3
8867	0
8868	2
8869	0
8870	1
8871	2
8872	0
8873	3
8874	1
8875	3
8876	0
8877	1
8878	1
8879	3
8880	3
8881	3
8882	3
8883	0
8884	1
8885	2
8886	2
8887	1
8888	2
8889	3
8890	0
8891	3
8892	3
8893	0
8894	0
8895	0
8896	3
8897	1
8898	0
8899	3
8900	0
8901	1
8902	1
8903	0
8904	2
8905	3
8906	3
8907	3
8908	3
8909	2
8910	0
8911	1
8912	3
8913	0
8914	1
8915	3
8916	2
8917	3
8918	0
8919	1
8920	3
8921	2
8922	3
8923	2
8924	2
8925	0
8926	3
8927	1
8928	2
8929	3
8930	0
8931	3
8932	0
8933	1
8934	1
8935	3
8936	0
8937	3
8938	3
8939	1
8940	2
8941	3
8942	3
8943	2
8944	3
8945	1
8946	3
8947	3
8948	3
8949	3
8950	3
8951	0
8952	0
8953	0
8954	0
8955	3
8956	2
8957	0
8958	3
8959	1
8960	0
8961	2
8962	0
8963	3
8964	0
8965	2
8966	2
8967	3
8968	3
8969	2
8970	2
8971	1
8972	0
8973	3
8974	1
8975	1
8976	3
8977	3
8978	2
8979	1
8980	2
8981	0
8982	0
8983	1
8984	0
8985	1
8986	2
8987	2
8988	3
8989	2
8990	1
8991	3
8992	3
8993	2
8994	0
8995	0
8996	1
8997	1
8998	0
8999	0
9000	1
9001	1
9002	1
9003	2
9004	2
9005	2
9006	2
9007	0
9008	0
9009	1
9010	1
9011	1
9012	3
9013	3
9014	1
9015	2
9016	1
9017	3
9018	1
9019	2
9020	0
9021	3
9022	2
9023	3
9024	0
9025	1
9026	1
9027	0
9028	2
9029	0
9030	2
9031	2
9032	1
9033	1
9034	0
9035	0
9036	3
9037	0
9038	3
9039	3
9040	0
9041	1
9042	0
9043	0
9044	2
9045	1
9046	0
9047	0
9048	3
9049	1
9050	2
9051	2
9052	2
9053	2
9054	1
9055	2
9056	2
9057	0
9058	2
9059	2
9060	2
9061	1
9062	3
9063	1
9064	2
9065	3
9066	2
9067	1
9068	0
9069	2
9070	2
9071	3
9072	3
9073	2
9074	2
9075	3
9076	2
9077	2
9078	2
9079	1
9080	2
9081	3
9082	1
9083	2
9084	1
9085	2
9086	2
9087	2
9088	2
9089	2
9090	1
9091	0
9092	3
9093	0
9094	0
9095	0
9096	1
9097	3
9098	1
9099	3
9100	1
9101	2
9102	2
9103	2
9104	3
9105	2
9106	3
9107	2
9108	1
9109	1
9110	1
9111	0
9112	3
9113	2
9114	0
9115	3
9116	1
9117	3
9118	2
9119	2
9120	3
9121	3
9122	3
9123	3
9124	0
9125	3
9126	0
9127	3
9128	0
9129	1
9130	1
9131	3
9132	1
9133	2
9134	3
9135	3
9136	1
9137	2
9138	1
9139	0
9140	0
9141	3
9142	0
9143	1
9144	2
9145	3
9146	2
9147	3
9148	1
9149	1
9150	1
9151	0
9152	0
9153	3
9154	2
9155	1
9156	3
9157	2
9158	1
9159	1
9160	3
9161	1
9162	0
9163	3
9164	2
9165	2
9166	2
9167	3
9168	1
9169	2
9170	0
9171	3
9172	3
9173	2
9174	3
9175	1
9176	0
9177	1
9178	0
9179	1
9180	2
9181	3
9182	3
9183	1
9184	2
9185	0
9186	3
9187	0
9188	2
9189	3
9190	2
9191	3
9192	1
9193	0
9194	1
9195	3
9196	3
9197	1
9198	0
9199	1
9200	2
9201	0
9202	1
9203	2
9204	3
9205	0
9206	1
9207	2
9208	3
9209	0
9210	1
9211	2
9212	1
9213	1
9214	0
9215	2
9216	2
9217	0
9218	1
9219	0
9220	0
9221	0
9222	2
9223	3
9224	0
9225	2
9226	3
9227	2
9228	0
9229	3
9230	0
9231	3
9232	0
9233	0
9234	3
9235	3
9236	2
9237	2
9238	1
9239	2
9240	3
9241	3
9242	3
9243	1
9244	0
9245	0
9246	0
9247	3
9248	0
9249	1
9250	1
9251	1
9252	0
9253	3
9254	0
9255	0
9256	1
9257	0
9258	2
9259	0
9260	0
9261	0
9262	0
9263	3
9264	2
9265	2
9266	2
9267	0
9268	0
9269	2
9270	0
9271	3
9272	3
9273	3
9274	0
9275	0
9276	3
9277	1
9278	0
9279	0
9280	2
9281	2
9282	0
9283	2
9284	1
9285	0
9286	2
9287	2
9288	0
9289	3
9290	3
9291	3
9292	3
9293	3
9294	3
9295	0
9296	0
9297	2
9298	0
9299	2
9300	1
9301	1
9302	1
9303	2
9304	2
9305	0
9306	3
9307	3
9308	0
9309	3
9310	1
9311	3
9312	2
9313	1
9314	3
9315	0
9316	3
9317	1
9318	3
9319	2
9320	1
9321	0
9322	0
9323	0
9324	0
9325	2
9326	1
9327	1
9328	1
9329	3
9330	3
9331	2
9332	2
9333	0
9334	0
9335	0
9336	2
9337	2
9338	2
9339	2
9340	0
9341	2
9342	3
9343	1
9344	2
9345	3
9346	0
9347	1
9348	2
9349	2
9350	1
9351	1
9352	0
9353	1
9354	1
9355	1
9356	1
9357	2
9358	3
9359	1
9360	1
9361	0
9362	3
9363	0
9364	2
9365	2
9366	3
9367	1
9368	0
9369	3
9370	3
9371	2
9372	3
9373	3
9374	3
9375	2
9376	2
9377	2
9378	3
9379	3
9380	1
9381	1
9382	2
9383	0
9384	3
9385	1
9386	0
9387	0
9388	1
9389	2
9390	2
9391	3
9392	3
9393	3
9394	2
9395	1
9396	0
9397	3
9398	2
9399	1
9400	1
9401	1
9402	2
9403	0
9404	0
9405	1
9406	0
9407	3
9408	2
9409	3
9410	0
9411	0
9412	3
9413	0
9414	1
9415	0
9416	3
9417	3
9418	3
9419	3
9420	2
9421	3
9422	3
9423	1
9424	3
9425	3
9426	3
9427	3
9428	1
9429	2
9430	2
9431	1
9432	2
9433	3
9434	1
9435	1
9436	0
9437	1
9438	3
9439	1
9440	2
9441	0
9442	2
9443	1
9444	3
9445	0
9446	3
9447	0
9448	3
9449	0
9450	0
9451	3
9452	2
9453	3
9454	2
9455	3
9456	1
9457	3
9458	2
9459	2
9460	2
9461	2
9462	0
9463	2
9464	2
9465	2
9466	2
9467	2
9468	1
9469	3
9470	1
9471	1
9472	3
9473	1
9474	0
9475	1
9476	1
9477	0
9478	2
9479	2
9480	3
9481	0
9482	3
9483	0
9484	0
9485	3
9486	3
9487	0
9488	3
9489	2
9490	1
9491	1
9492	0
9493	1
9494	0
9495	1
9496	0
9497	2
9498	2
9499	0
9500	2
9501	2
9502	2
9503	0
9504	1
9505	3
9506	1
9507	3
9508	0
9509	2
9510	0
9511	0
9512	2
9513	1
9514	2
9515	1
9516	1
9517	1
9518	3
9519	3
9520	3
9521	3
9522	2
9523	3
9524	2
9525	1
9526	2
9527	1
9528	2
9529	2
9530	0
9531	0
9532	2
9533	3
9534	1
9535	0
9536	1
9537	3
9538	2
9539	3
9540	0
9541	2
9542	1
9543	0
9544	3
9545	0
9546	1
9547	3
9548	1
9549	2
9550	3
9551	3
9552	2
9553	2
9554	1
9555	2
9556	3
9557	0
9558	1
9559	0
9560	2
9561	3
9562	2
9563	0
9564	0
9565	1
9566	1
9567	0
9568	0
9569	3
9570	2
9571	1
9572	0
9573	3
9574	0
9575	2
9576	1
9577	2
9578	3
9579	2
9580	0
9581	3
9582	0
9583	0
9584	0
9585	0
9586	2
9587	3
9588	2
9589	1
9590	1
9591	2
9592	2
9593	0
9594	0
9595	3
9596	0
9597	1
9598	2
9599	1
9600	1
9601	3
9602	1
9603	0
9604	2
9605	0
9606	3
9607	3
9608	3
9609	2
9610	2
9611	2
9612	1
9613	3
9614	2
9615	1
9616	1
9617	2
9618	0
9619	2
9620	2
9621	1
9622	0
9623	1
9624	0
9625	1
9626	3
9627	3
9628	2
9629	1
9630	2
9631	1
9632	1
9633	0
9634	3
9635	0
9636	0
9637	3
9638	1
9639	0
9640	2
9641	3
9642	0
9643	2
9644	2
9645	2
9646	2
9647	3
9648	1
9649	1
9650	2
9651	2
9652	1
9653	3
9654	3
9655	0
9656	1
9657	2
9658	3
9659	2
9660	0
9661	1
9662	2
9663	0
9664	1
9665	1
9666	1
9667	3
9668	1
9669	0
9670	3
9671	0
9672	2
9673	2
9674	1
9675	3
9676	1
9677	2
9678	1
9679	1
9680	2
9681	3
9682	3
9683	3
9684	0
9685	1
9686	3
9687	2
9688	0
9689	3
9690	2
9691	3
9692	2
9693	3
9694	1
9695	1
9696	3
9697	3
9698	0
9699	0
9700	2
9701	2
9702	0
9703	1
9704	3
9705	2
9706	2
9707	3
9708	0
9709	3
9710	3
9711	2
9712	2
9713	3
9714	3
9715	3
9716	2
9717	3
9718	1
9719	1
9720	0
9721	3
9722	3
9723	2
9724	2
9725	3
9726	3
9727	1
9728	1
9729	1
9730	3
9731	1
9732	1
9733	0
9734	0
9735	2
9736	3
9737	1
9738	3
9739	1
9740	0
9741	2
9742	3
9743	0
9744	2
9745	2
9746	2
9747	2
9748	3
9749	1
9750	1
9751	3
9752	1
9753	1
9754	2
9755	1
9756	1
9757	2
9758	1
9759	1
9760	3
9761	1
9762	1
9763	2
9764	0
9765	1
9766	0
9767	2
9768	0
9769	1
9770	1
9771	3
9772	0
9773	1
9774	0
9775	3
9776	0
9777	0
9778	1
9779	3
9780	1
9781	0
9782	0
9783	2
9784	2
9785	3
9786	3
9787	0
9788	3
9789	2
9790	0
9791	2
9792	1
9793	3
9794	2
9795	2
9796	3
9797	3
9798	3
9799	0
9800	1
9801	0
9802	1
9803	2
9804	3
9805	3
9806	3
9807	1
9808	0
9809	3
9810	3
9811	2
9812	3
9813	3
9814	2
9815	1
9816	2
9817	3
9818	1
9819	2
9820	3
9821	3
9822	0
9823	0
9824	1
9825	3
9826	1
9827	0
9828	0
9829	2
9830	3
9831	3
9832	2
9833	3
9834	1
9835	1
9836	0
9837	0
9838	0
9839	2
9840	1
9841	3
9842	1
9843	2
9844	2
9845	0
9846	2
9847	0
9848	1
9849	1
9850	3
9851	0
9852	2
9853	1
9854	2
9855	1
9856	2
9857	2
9858	1
9859	3
9860	1
9861	1
9862	1
9863	0
9864	3
9865	0
9866	1
9867	1
9868	0
9869	3
9870	3
9871	3
9872	3
9873	2
9874	2
9875	2
9876	2
9877	2
9878	2
9879	3
9880	1
9881	3
9882	2
9883	0
9884	0
9885	3
9886	2
9887	2
9888	3
9889	0
9890	1
9891	0
9892	0
9893	3
9894	0
9895	3
9896	0
9897	3
9898	3
9899	2
9900	0
9901	1
9902	3
9903	1
9904	3
9905	1
9906	1
9907	2
9908	2
9909	2
9910	2
9911	2
9912	2
9913	1
9914	0
9915	3
9916	0
9917	3
9918	3
9919	2
9920	1
9921	0
9922	0
9923	0
9924	0
9925	0
9926	3
9927	1
9928	1
9929	2
9930	3
9931	2
9932	1
9933	2
9934	2
9935	3
9936	1
9937	3
9938	2
9939	2
9940	2
9941	2
9942	0
9943	1
9944	2
9945	3
9946	2
9947	1
9948	0
9949	3
9950	2
9951	2
9952	0
9953	1
9954	3
9955	1
9956	0
9957	3
9958	3
9959	2
9960	2
9961	0
9962	3
9963	0
9964	2
9965	0
9966	2
9967	2
9968	2
9969	2
9970	2
9971	2
9972	1
9973	0
9974	1
9975	3
9976	0
9977	2
9978	0
9979	2
9980	3
9981	1
9982	0
9983	1
9984	0
9985	3
9986	0
9987	1
9988	3
9989	0
9990	2
9991	0
9992	2
9993	2
9994	2
9995	0
9996	3
9997	2
9998	1
9999	1
10000	2
